|Ω|=1 B=300
tc0c10s2cf1.xml	360.93	0.03	0.0%	0 7 8 10 6 1 3 4 9 5 2 0
tc0c10s2ct1.xml	363.13	0.03	0.0%	0 7 8 10 6 1 3 4 9 5 2 0
tc0c10s3cf1.xml	360.93	0.03	0.0%	0 7 8 10 6 1 3 4 9 5 2 0
tc0c10s3ct1.xml	363.13	0.03	0.0%	0 7 8 10 6 1 3 4 9 5 2 0
tc1c10s2cf2.xml	270.98	0.01	0.0%	0 10 6 4 3 5 1 2 7 9 8 0
tc1c10s2cf3.xml	318.70	0.02	0.0%	0 10 9 4 8 2 3 6 7 5 1 0
tc1c10s2cf4.xml	386.66	0.02	0.0%	0 7 5 9 3 10 8 2 1 4 6 0
tc1c10s2ct2.xml	270.98	0.01	0.0%	0 10 6 4 3 5 1 2 7 9 8 0
tc1c10s2ct3.xml	315.48	0.02	0.0%	0 10 9 4 8 2 3 6 7 5 1 0
tc1c10s2ct4.xml	383.80	0.01	0.0%	0 7 5 9 3 10 8 2 1 4 6 0
tc1c10s3cf2.xml	270.98	0.01	0.0%	0 10 6 4 3 5 1 2 7 9 8 0
tc1c10s3cf3.xml	316.53	0.02	0.0%	0 1 5 7 6 3 2 8 4 9 10 0
tc1c10s3cf4.xml	386.66	0.02	0.0%	0 7 5 9 3 10 8 2 1 4 6 0
tc1c10s3ct2.xml	270.98	0.01	0.0%	0 10 6 4 3 5 1 2 7 9 8 0
tc1c10s3ct3.xml	315.48	0.01	0.0%	0 10 9 4 8 2 3 6 7 5 1 0
tc1c10s3ct4.xml	383.80	0.01	0.0%	0 7 5 9 3 10 8 2 1 4 6 0
tc2c10s2cf0.xml	272.70	0.01	0.0%	0 9 10 8 6 5 7 2 1 3 4 0
tc2c10s2ct0.xml	272.70	0.01	0.0%	0 9 10 8 6 5 7 2 1 3 4 0
tc2c10s3cf0.xml	272.70	0.01	0.0%	0 9 10 8 6 5 7 2 1 3 4 0
tc2c10s3ct0.xml	272.70	0.01	0.0%	0 9 10 8 6 5 7 2 1 3 4 0
tc0c20s3cf2.xml	437.81	0.58	0.0%	0 19 1 10 14 11 16 13 17 2 18 9 12 20 4 5 15 3 8 6 7 0
tc0c20s3ct2.xml	433.27	0.07	0.0%	0 7 3 15 5 4 20 12 9 18 2 17 13 16 11 14 8 6 10 1 19 0
tc0c20s4cf2.xml	437.81	0.58	0.0%	0 19 1 10 14 11 16 13 17 2 18 9 12 20 4 5 15 3 8 6 7 0
tc0c20s4ct2.xml	430.43	0.03	0.0%	0 7 15 5 4 3 6 8 9 18 12 20 2 17 13 16 11 14 10 1 19 0
tc1c20s3cf1.xml	378.25	1.04	0.0%	0 2 3 1 4 11 15 17 19 10 9 7 20 8 5 6 14 18 16 13 12 0
tc1c20s3cf3.xml	367.85	0.15	0.0%	0 9 10 2 1 4 12 3 14 20 17 6 5 7 11 16 8 18 19 15 13 0
tc1c20s3cf4.xml	446.23	0.01	0.0%	0 12 20 9 7 8 10 16 17 14 11 18 13 15 2 5 4 6 1 3 19 0
tc1c20s3ct1.xml	397.03	1000.61	1.5%	0 1 4 11 15 17 19 3 2 10 9 7 20 8 5 6 14 18 16 13 12 0
tc1c20s3ct3.xml	364.17	0.04	0.0%	0 13 15 19 18 8 16 11 7 5 6 17 20 14 3 12 4 1 2 10 9 0
tc1c20s3ct4.xml	446.58	0.03	0.0%	0 19 3 1 6 4 5 2 15 13 18 11 14 17 16 10 8 7 9 20 12 0
tc1c20s4cf1.xml	378.25	1.36	0.0%	0 12 13 16 18 14 6 5 8 20 7 9 10 19 17 15 11 4 1 3 2 0
tc1c20s4cf3.xml	367.85	0.20	0.0%	0 9 10 2 1 4 12 3 14 20 17 6 5 7 11 16 8 18 19 15 13 0
tc1c20s4cf4.xml	446.23	0.01	0.0%	0 12 20 9 7 8 10 16 17 14 11 18 13 15 2 5 4 6 1 3 19 0
tc1c20s4ct1.xml	369.65	0.09	0.0%	0 12 13 16 18 14 6 5 8 20 7 9 10 19 17 15 11 4 1 3 2 0
tc1c20s4ct3.xml	364.17	0.04	0.0%	0 13 15 19 18 8 16 11 7 5 6 17 20 14 3 12 4 1 2 10 9 0
tc1c20s4ct4.xml	446.23	0.01	0.0%	0 12 20 9 7 8 10 16 17 14 11 18 13 15 2 5 4 6 1 3 19 0
tc2c20s3cf0.xml	368.49	0.67	0.0%	0 20 19 3 1 2 11 12 10 15 13 14 6 4 5 7 9 8 16 18 17 0
tc2c20s3ct0.xml	362.95	0.02	0.0%	0 17 18 16 8 9 7 5 4 6 14 13 15 10 12 11 2 1 3 19 20 0
tc2c20s4cf0.xml	366.73	0.30	0.0%	0 17 18 16 8 9 7 5 4 6 14 13 15 10 12 11 2 1 3 19 20 0
tc2c20s4ct0.xml	362.87	0.01	0.0%	0 20 19 3 1 2 11 12 10 15 13 14 6 4 5 7 9 8 16 18 17 0
tc0c40s5cf0.xml	637.38	1000.77	1.6%	0 17 39 15 37 7 31 29 11 40 16 38 4 33 22 21 2 5 12 3 35 30 10 34 20 13 26 19 36 8 6 23 9 18 28 27 14 24 32 1 25 0
tc0c40s5cf4.xml	620.70	0.52	0.0%	0 4 18 29 24 23 19 5 13 40 26 12 7 14 2 27 30 39 34 6 22 25 37 3 33 31 15 17 36 8 20 38 1 28 16 35 10 21 32 11 9 0
tc0c40s5ct0.xml	616.99	0.70	0.0%	0 25 1 32 24 14 27 28 18 9 23 6 8 36 19 26 13 20 34 10 35 3 30 40 16 12 5 2 21 22 33 4 38 11 29 31 7 37 15 39 17 0
tc0c40s5ct4.xml	621.39	0.60	0.0%	0 9 11 32 21 10 35 16 28 1 38 20 8 36 17 15 31 33 3 37 25 22 6 34 39 30 27 2 14 7 12 26 40 13 5 19 23 24 29 18 4 0
tc0c40s8cf0.xml	637.38	1000.67	1.6%	0 17 39 15 37 7 31 29 11 40 16 38 4 33 22 21 2 5 12 3 35 30 10 34 20 13 26 19 36 8 6 23 9 18 28 27 14 24 32 1 25 0
tc0c40s8cf4.xml	619.13	0.13	0.0%	0 9 11 32 21 10 35 16 28 1 38 20 8 36 17 15 31 33 3 37 25 22 6 34 39 30 27 2 14 7 12 26 40 13 5 19 23 24 29 18 4 0
tc0c40s8ct0.xml	615.11	0.18	0.0%	0 25 1 32 24 14 27 28 18 9 23 6 8 36 19 26 13 20 34 10 35 3 30 40 16 12 5 2 21 22 33 4 38 11 29 31 7 37 15 39 17 0
tc0c40s8ct4.xml	619.41	0.26	0.0%	0 9 11 32 21 10 35 16 28 1 38 20 8 36 17 15 31 33 3 37 25 22 6 34 39 30 27 2 14 7 12 26 40 13 5 19 23 24 29 18 4 0
tc1c40s5cf1.xml	654.17	1000.77	2.5%	0 18 17 16 38 30 29 35 9 8 7 26 10 11 12 34 39 28 33 25 14 15 13 40 27 2 3 1 24 6 5 4 37 21 32 22 19 20 36 31 23 0
tc1c40s5ct1.xml	635.59	4.96	0.0%	0 18 17 16 38 30 29 35 9 8 7 26 10 11 12 34 39 28 33 25 14 15 13 40 27 2 3 1 24 6 5 4 22 20 19 32 37 21 36 31 23 0
tc1c40s8cf1.xml	636.82	19.93	0.0%	0 18 17 16 38 30 29 35 9 8 7 26 24 6 5 4 2 3 1 11 10 12 34 39 28 33 25 14 15 13 40 27 37 21 32 22 19 20 36 31 23 0
tc1c40s8ct1.xml	632.20	0.25	0.0%	0 18 17 16 38 30 29 35 9 8 7 26 10 11 12 34 39 28 33 25 14 15 13 40 27 2 3 1 24 6 5 4 22 20 19 32 37 21 36 31 23 0
tc2c40s5cf2.xml	490.73	1000.59	2.0%	0 22 24 23 11 10 12 30 28 29 16 17 18 5 4 6 36 34 35 21 20 19 40 25 27 26 8 7 9 33 32 31 38 39 37 3 1 2 15 14 13 0
tc2c40s5cf3.xml	453.30	1000.73	2.5%	0 39 22 23 24 19 21 20 38 37 40 29 25 30 27 28 26 4 3 1 6 2 5 11 8 12 7 9 10 32 35 31 36 34 33 15 17 16 13 18 14 0
tc2c40s5ct2.xml	477.85	0.03	0.0%	0 22 24 23 11 10 12 30 28 29 19 20 21 16 17 18 5 4 6 36 34 35 40 25 27 26 8 7 9 33 32 31 38 39 37 3 1 2 15 14 13 0
tc2c40s5ct3.xml	439.91	0.31	0.0%	0 17 16 14 18 13 15 33 34 36 31 35 32 10 9 7 12 8 11 5 2 6 1 3 4 26 30 27 28 25 29 40 38 20 21 19 24 23 22 37 39 0
tc2c40s8cf2.xml	483.18	49.22	0.0%	0 22 24 23 11 10 12 30 28 29 19 20 21 16 17 18 5 4 6 36 34 35 40 25 27 26 8 7 9 33 32 31 38 39 37 3 1 2 15 14 13 0
tc2c40s8cf3.xml	451.77	1000.47	2.0%	0 39 37 22 23 24 19 21 20 38 40 29 25 30 28 27 26 4 3 1 6 2 5 11 8 12 7 9 10 32 35 31 36 34 33 15 13 18 14 16 17 0
tc2c40s8ct2.xml	477.85	0.03	0.0%	0 22 24 23 11 10 12 30 28 29 19 20 21 16 17 18 5 4 6 36 34 35 40 25 27 26 8 7 9 33 32 31 38 39 37 3 1 2 15 14 13 0
tc2c40s8ct3.xml	439.91	0.23	0.0%	0 17 16 14 18 13 15 33 34 36 31 35 32 10 9 7 12 8 11 5 2 6 1 3 4 26 30 27 28 25 29 40 38 20 21 19 24 23 22 37 39 0
|Ω|=1 B=200
tc0c10s2cf1.xml	362.37	0.03	0.0%	0 8 7 2 5 9 4 3 1 6 10 0
tc0c10s2ct1.xml	363.13	0.02	0.0%	0 2 5 9 4 3 1 6 10 8 7 0
tc0c10s3cf1.xml	362.37	0.03	0.0%	0 8 7 2 5 9 4 3 1 6 10 0
tc0c10s3ct1.xml	363.13	0.02	0.0%	0 7 8 10 6 1 3 4 9 5 2 0
tc1c10s2cf2.xml	273.09	0.04	0.0%	0 10 6 4 3 5 1 2 9 7 8 0
tc1c10s2cf3.xml	354.46	0.61	0.0%	0 10 9 4 8 2 3 6 7 5 1 0
tc1c10s2cf4.xml	391.39	0.02	0.0%	0 7 5 9 3 10 8 2 1 4 6 0
tc1c10s2ct2.xml	271.76	0.02	0.0%	0 8 9 7 2 1 5 3 4 6 10 0
tc1c10s2ct3.xml	334.36	0.11	0.0%	0 10 9 4 8 2 3 6 7 5 1 0
tc1c10s2ct4.xml	390.05	0.03	0.0%	0 6 4 1 2 8 10 7 3 9 5 0
tc1c10s3cf2.xml	273.09	0.04	0.0%	0 10 6 4 3 5 1 2 9 7 8 0
tc1c10s3cf3.xml	352.29	0.53	0.0%	0 1 5 7 6 3 2 8 4 9 10 0
tc1c10s3cf4.xml	391.39	0.02	0.0%	0 7 5 9 3 10 8 2 1 4 6 0
tc1c10s3ct2.xml	271.76	0.03	0.0%	0 8 9 7 2 1 5 3 4 6 10 0
tc1c10s3ct3.xml	327.89	0.08	0.0%	0 10 9 4 8 2 3 6 7 5 1 0
tc1c10s3ct4.xml	389.61	0.02	0.0%	0 5 9 3 7 10 8 2 1 4 6 0
tc2c10s2cf0.xml	278.52	0.07	0.0%	0 9 10 8 6 5 7 2 1 3 4 0
tc2c10s2ct0.xml	275.87	0.03	0.0%	0 4 3 1 2 7 5 6 8 10 9 0
tc2c10s3cf0.xml	278.52	0.07	0.0%	0 9 10 8 6 5 7 2 1 3 4 0
tc2c10s3ct0.xml	275.53	0.04	0.0%	0 4 3 1 2 7 5 6 8 10 9 0
tc0c20s3cf2.xml	470.05	1000.66	4.7%	0 19 1 10 6 8 14 11 16 13 17 2 18 9 12 20 4 5 15 3 7 0
tc0c20s3ct2.xml	436.64	0.36	0.0%	0 19 1 10 6 8 14 11 16 13 17 2 18 9 12 20 4 5 15 3 7 0
tc0c20s4cf2.xml	470.05	1000.70	4.5%	0 19 1 10 6 8 14 11 16 13 17 2 18 9 12 20 4 5 15 3 7 0
tc0c20s4ct2.xml	433.27	0.08	0.0%	0 7 3 15 5 4 20 12 9 18 2 17 13 16 11 14 8 6 10 1 19 0
tc1c20s3cf1.xml	383.83	18.68	0.0%	0 12 13 16 18 14 9 10 19 7 6 5 8 20 17 15 11 4 1 3 2 0
tc1c20s3cf3.xml	394.95	1000.76	4.3%	0 13 15 19 18 8 16 11 7 5 6 17 20 14 3 12 4 1 2 10 9 0
tc1c20s3cf4.xml	507.40	1000.58	8.2%	0 19 3 6 1 4 5 2 15 13 18 11 14 17 16 10 7 9 8 12 20 0
tc1c20s3ct1.xml	440.03	1000.43	12.5%	0 2 3 1 4 11 15 17 19 10 9 7 20 8 5 6 14 18 16 13 12 0
tc1c20s3ct3.xml	367.64	0.22	0.0%	0 13 15 19 8 16 11 7 5 18 6 17 20 14 3 12 4 1 2 10 9 0
tc1c20s3ct4.xml	483.96	1000.92	3.7%	0 8 10 7 9 16 17 14 11 18 13 15 2 5 4 1 6 3 19 12 20 0
tc1c20s4cf1.xml	383.83	15.94	0.0%	0 12 13 16 18 14 9 10 19 7 6 5 8 20 17 15 11 4 1 3 2 0
tc1c20s4cf3.xml	394.95	1000.71	4.2%	0 13 15 19 18 8 16 11 7 5 6 17 20 14 3 12 4 1 2 10 9 0
tc1c20s4cf4.xml	506.62	1000.62	8.1%	0 19 3 1 6 4 5 2 15 13 18 11 14 17 16 9 7 10 8 12 20 0
tc1c20s4ct1.xml	405.42	1000.47	4.2%	0 2 3 1 4 11 15 17 20 8 5 6 7 19 10 9 14 18 16 13 12 0
tc1c20s4ct3.xml	395.09	1000.78	4.5%	0 9 10 2 1 4 12 3 14 20 17 6 5 7 11 16 8 18 19 15 13 0
tc1c20s4ct4.xml	483.03	1000.85	3.6%	0 20 12 19 3 6 1 4 5 2 15 13 18 11 14 17 16 9 7 10 8 0
tc2c20s3cf0.xml	368.89	1.40	0.0%	0 20 19 3 1 2 11 12 10 15 13 14 6 4 5 7 9 8 16 18 17 0
tc2c20s3ct0.xml	362.95	0.03	0.0%	0 17 18 16 8 9 7 5 4 6 14 13 15 10 12 11 2 1 3 19 20 0
tc2c20s4cf0.xml	368.89	1.35	0.0%	0 20 19 3 1 2 11 12 10 15 13 14 6 4 5 7 9 8 16 18 17 0
tc2c20s4ct0.xml	362.95	0.03	0.0%	0 17 18 16 8 9 7 5 4 6 14 13 15 10 12 11 2 1 3 19 20 0
tc0c40s5cf0.xml	687.14	1001.74	9.2%	0 25 1 32 24 14 27 28 18 9 23 6 8 36 19 26 13 20 34 10 3 35 30 40 16 38 4 33 12 5 2 21 22 11 29 31 7 37 15 39 17 0
tc0c40s5cf4.xml	641.32	1000.81	2.4%	0 4 18 29 24 23 19 5 13 40 26 12 7 14 2 27 30 39 34 6 22 25 37 3 33 31 15 17 36 8 20 38 1 28 16 35 10 21 32 11 9 0
tc0c40s5ct0.xml	644.81	1000.93	2.9%	0 17 39 15 37 7 31 29 11 38 4 33 22 21 2 5 12 16 40 30 3 35 10 34 20 13 26 19 36 8 6 23 9 18 28 27 14 24 32 1 25 0
tc0c40s5ct4.xml	632.18	1001.30	0.6%	0 4 18 29 24 23 19 5 13 40 26 12 7 14 2 27 30 39 36 17 6 34 22 25 37 3 33 31 15 8 38 1 20 28 16 35 10 21 32 11 9 0
tc0c40s8cf0.xml	677.35	1001.13	7.8%	0 17 39 15 37 7 31 29 11 22 21 2 5 12 33 4 38 16 40 30 35 3 10 34 20 13 26 19 36 8 6 23 9 18 28 27 14 24 32 1 25 0
tc0c40s8cf4.xml	623.45	1.85	0.0%	0 4 18 29 23 19 5 13 40 26 12 7 14 2 27 30 39 34 6 22 25 37 3 33 31 15 17 36 8 20 38 1 28 16 35 10 21 32 11 9 24 0
tc0c40s8ct0.xml	617.00	0.81	0.0%	0 25 1 32 24 14 27 28 18 9 23 6 8 36 19 26 13 20 34 10 35 3 30 40 16 12 5 2 21 22 33 4 38 11 29 31 7 37 15 39 17 0
tc0c40s8ct4.xml	639.01	1000.77	1.8%	0 4 18 29 24 23 19 5 13 40 26 34 6 22 25 37 3 33 31 15 17 39 30 14 12 7 2 27 36 8 20 38 1 28 16 35 10 21 32 11 9 0
tc1c40s5cf1.xml	673.52	1000.97	5.4%	0 23 31 36 21 37 32 19 20 22 4 5 6 24 26 1 3 2 27 40 13 15 14 25 33 28 39 34 12 11 10 7 8 9 35 29 30 38 16 17 18 0
tc1c40s5ct1.xml	661.58	1000.73	3.7%	0 23 31 36 21 37 32 19 20 22 4 5 6 1 3 2 27 40 13 15 14 25 33 28 39 34 12 11 10 24 26 7 8 9 35 29 30 38 16 17 18 0
tc1c40s8cf1.xml	660.97	1001.14	3.6%	0 18 17 16 38 30 29 35 9 8 7 26 10 11 12 34 39 28 33 25 14 15 13 40 27 2 3 1 24 4 6 5 22 20 19 32 37 21 36 31 23 0
tc1c40s8ct1.xml	638.44	46.15	0.0%	0 23 31 36 21 37 32 19 20 22 4 5 6 1 3 2 27 40 13 15 14 25 33 28 39 34 12 11 10 24 26 7 8 9 35 29 30 38 16 17 18 0
tc2c40s5cf2.xml	516.45	1000.91	6.8%	0 13 14 15 2 1 3 37 39 38 31 32 33 9 7 8 26 27 25 40 19 20 21 35 34 36 6 4 5 18 17 16 29 28 30 12 10 23 24 22 11 0
tc2c40s5cf3.xml	462.01	1001.28	4.2%	0 39 37 22 23 24 19 21 20 38 40 29 25 30 28 27 26 4 3 1 6 2 5 11 8 12 7 9 10 32 35 31 36 34 33 15 13 18 14 16 17 0
tc2c40s5ct2.xml	477.88	0.05	0.0%	0 22 24 23 11 10 12 30 28 29 19 20 21 16 17 18 5 4 6 36 34 35 40 25 27 26 8 7 9 33 32 31 38 39 37 3 1 2 15 14 13 0
tc2c40s5ct3.xml	463.19	1001.23	4.5%	0 39 37 22 23 24 19 21 20 38 40 29 25 30 28 27 26 4 3 1 6 2 5 11 8 12 7 9 10 32 35 31 36 34 33 15 13 18 14 16 17 0
tc2c40s8cf2.xml	506.49	1001.04	4.9%	0 13 14 15 2 1 3 37 39 38 31 32 33 9 7 8 26 27 25 40 35 34 36 6 4 5 18 17 16 21 20 19 29 28 30 12 10 11 23 24 22 0
tc2c40s8cf3.xml	462.01	1001.74	4.3%	0 39 37 22 23 24 19 21 20 38 40 29 25 30 28 27 26 4 3 1 6 2 5 11 8 12 7 9 10 32 35 31 36 34 33 15 13 18 14 16 17 0
tc2c40s8ct2.xml	477.88	0.05	0.0%	0 22 24 23 11 10 12 30 28 29 19 20 21 16 17 18 5 4 6 36 34 35 40 25 27 26 8 7 9 33 32 31 38 39 37 3 1 2 15 14 13 0
tc2c40s8ct3.xml	441.44	1.53	0.0%	0 17 16 14 18 13 15 33 34 36 31 35 32 10 9 7 12 8 11 5 2 6 1 3 4 26 27 28 30 25 29 40 38 20 21 19 24 23 22 37 39 0
|Ω|=1 B=100
tc0c10s2cf1.xml	INF	0.10	INF	INF
tc0c10s2ct1.xml	INF	0.29	INF	INF
tc0c10s3cf1.xml	INF	0.11	INF	INF
tc0c10s3ct1.xml	406.55	0.50	0.0%	0 10 6 1 3 4 9 5 2 7 8 0
tc1c10s2cf2.xml	INF	0.17	INF	INF
tc1c10s2cf3.xml	INF	0.27	INF	INF
tc1c10s2cf4.xml	INF	0.15	INF	INF
tc1c10s2ct2.xml	338.34	12.91	0.0%	0 8 7 9 2 1 5 3 4 6 10 0
tc1c10s2ct3.xml	495.88	374.28	0.0%	0 1 5 7 6 3 8 2 9 4 10 0
tc1c10s2ct4.xml	INF	0.21	INF	INF
tc1c10s3cf2.xml	INF	0.20	INF	INF
tc1c10s3cf3.xml	INF	0.26	INF	INF
tc1c10s3cf4.xml	INF	0.15	INF	INF
tc1c10s3ct2.xml	326.38	3.81	0.0%	0 8 7 9 2 1 5 3 4 6 10 0
tc1c10s3ct3.xml	373.03	1.60	0.0%	0 10 9 4 8 2 3 5 1 7 6 0
tc1c10s3ct4.xml	INF	0.16	INF	INF
tc2c10s2cf0.xml	INF	0.32	INF	INF
tc2c10s2ct0.xml	INF	0.76	INF	INF
tc2c10s3cf0.xml	INF	0.34	INF	INF
tc2c10s3ct0.xml	290.66	0.34	0.0%	0 8 6 5 7 2 1 3 4 10 9 0
tc0c20s3cf2.xml	inf	1000.04	inf%	inf
tc0c20s3ct2.xml	587.21	1000.29	21.4%	0 7 3 4 5 15 19 1 10 14 11 16 13 17 2 20 12 18 9 8 6 0
tc0c20s4cf2.xml	INF	161.64	INF	INF
tc0c20s4ct2.xml	572.92	1000.41	19.9%	0 7 3 4 5 15 19 1 10 14 11 16 13 17 2 20 12 18 9 8 6 0
tc1c20s3cf1.xml	INF	1.58	INF	INF
tc1c20s3cf3.xml	571.45	1000.78	33.6%	0 13 15 19 18 8 16 11 7 5 6 17 12 4 2 20 14 3 1 10 9 0
tc1c20s3cf4.xml	INF	23.37	INF	INF
tc1c20s3ct1.xml	INF	2.13	INF	INF
tc1c20s3ct3.xml	INF	1.76	INF	INF
tc1c20s3ct4.xml	INF	4.22	INF	INF
tc1c20s4cf1.xml	INF	1.00	INF	INF
tc1c20s4cf3.xml	577.47	1000.75	34.3%	0 13 15 19 18 5 7 11 16 8 6 17 3 12 4 1 2 20 14 9 10 0
tc1c20s4cf4.xml	INF	16.19	INF	INF
tc1c20s4ct1.xml	INF	1.47	INF	INF
tc1c20s4ct3.xml	507.78	1000.46	25.3%	0 13 15 19 11 16 8 7 5 18 6 17 20 14 3 1 4 12 2 10 9 0
tc1c20s4ct4.xml	INF	3.62	INF	INF
tc2c20s3cf0.xml	473.21	1000.38	21.1%	0 20 19 3 1 2 11 13 10 12 15 14 6 4 5 8 7 9 16 18 17 0
tc2c20s3ct0.xml	INF	16.14	INF	INF
tc2c20s4cf0.xml	441.73	1000.53	15.4%	0 17 18 16 9 7 8 5 4 6 14 13 15 10 12 11 2 1 3 19 20 0
tc2c20s4ct0.xml	INF	22.36	INF	INF
tc0c40s5cf0.xml	inf	1000.47	inf%	inf
tc0c40s5cf4.xml	inf	1000.41	inf%	inf
tc0c40s5ct0.xml	INF	236.94	INF	INF
tc0c40s5ct4.xml	inf	1000.66	inf%	inf
tc0c40s8cf0.xml	1154.77	1001.65	46.1%	0 17 39 15 37 7 31 29 11 38 4 33 22 21 2 5 12 16 40 30 35 3 10 34 20 13 26 19 36 23 8 6 9 18 28 27 14 24 32 1 25 0
tc0c40s8cf4.xml	996.04	1000.97	34.6%	0 4 18 29 24 23 19 5 13 40 26 12 7 14 2 27 30 39 36 17 6 34 25 22 37 3 31 15 33 20 8 38 1 28 16 35 10 21 32 11 9 0
tc0c40s8ct0.xml	852.96	1001.55	26.9%	0 30 40 16 38 4 33 22 21 2 5 12 3 35 10 34 20 13 26 19 36 8 6 23 9 18 27 28 14 24 32 1 25 39 15 37 7 31 29 11 17 0
tc0c40s8ct4.xml	inf	1000.58	inf%	inf
tc1c40s5cf1.xml	1178.06	1001.58	45.9%	0 23 31 36 20 19 22 32 21 37 27 40 13 15 14 25 33 28 39 34 10 11 12 1 2 3 4 5 6 24 26 7 8 9 35 29 30 38 16 17 18 0
tc1c40s5ct1.xml	INF	79.18	INF	INF
tc1c40s8cf1.xml	928.38	1001.37	31.5%	0 18 17 16 38 30 35 29 9 8 7 26 24 6 5 4 2 3 1 12 11 10 34 39 28 33 25 14 15 13 40 27 37 21 32 22 19 20 36 31 23 0
tc1c40s8ct1.xml	INF	25.27	INF	INF
tc2c40s5cf2.xml	770.61	1001.82	36.7%	0 13 14 15 2 1 3 38 37 39 31 32 33 9 7 8 26 27 25 40 35 34 36 6 4 5 18 17 16 21 20 19 29 28 30 12 10 11 23 24 22 0
tc2c40s5cf3.xml	inf	1000.72	inf%	inf
tc2c40s5ct2.xml	626.84	1002.33	23.2%	0 22 24 23 11 10 12 30 28 29 19 20 21 16 17 18 5 4 6 36 34 35 40 25 27 26 7 8 9 33 32 31 38 37 39 3 1 2 15 14 13 0
tc2c40s5ct3.xml	inf	1000.54	inf%	inf
tc2c40s8cf2.xml	586.80	1001.90	17.8%	0 13 14 15 2 3 1 37 39 38 31 32 33 9 7 8 26 27 25 40 35 34 36 6 4 5 18 17 16 19 20 21 29 28 30 12 10 11 23 24 22 0
tc2c40s8cf3.xml	inf	1000.29	inf%	inf
tc2c40s8ct2.xml	541.49	1001.28	11.2%	0 22 24 23 11 10 12 30 28 29 19 20 21 16 17 18 5 4 6 36 34 35 40 25 27 26 7 8 9 33 32 31 38 39 37 3 1 2 15 14 13 0
tc2c40s8ct3.xml	inf	1000.79	inf%	inf
