|Ω|=1 B=300
tc0c10s2cf1.xml	360.93	0.03	0.0%	0 7 8 10 6 1 3 4 9 5 2 0
tc0c10s2ct1.xml	363.13	0.03	0.0%	0 7 8 10 6 1 3 4 9 5 2 0
tc0c10s3cf1.xml	360.93	0.03	0.0%	0 7 8 10 6 1 3 4 9 5 2 0
tc0c10s3ct1.xml	363.13	0.03	0.0%	0 7 8 10 6 1 3 4 9 5 2 0
tc1c10s2cf2.xml	270.98	0.01	0.0%	0 10 6 4 3 5 1 2 7 9 8 0
tc1c10s2cf3.xml	318.70	0.02	0.0%	0 10 9 4 8 2 3 6 7 5 1 0
tc1c10s2cf4.xml	386.66	0.01	0.0%	0 7 5 9 3 10 8 2 1 4 6 0
tc1c10s2ct2.xml	270.98	0.01	0.0%	0 10 6 4 3 5 1 2 7 9 8 0
tc1c10s2ct3.xml	315.48	0.01	0.0%	0 10 9 4 8 2 3 6 7 5 1 0
tc1c10s2ct4.xml	383.80	0.01	0.0%	0 7 5 9 3 10 8 2 1 4 6 0
tc1c10s3cf2.xml	270.98	0.00	0.0%	0 10 6 4 3 5 1 2 7 9 8 0
tc1c10s3cf3.xml	316.53	0.01	0.0%	0 10 9 4 8 2 3 6 7 5 1 0
tc1c10s3cf4.xml	386.66	0.01	0.0%	0 7 5 9 3 10 8 2 1 4 6 0
tc1c10s3ct2.xml	270.98	0.01	0.0%	0 10 6 4 3 5 1 2 7 9 8 0
tc1c10s3ct3.xml	315.48	0.01	0.0%	0 10 9 4 8 2 3 6 7 5 1 0
tc1c10s3ct4.xml	383.80	0.01	0.0%	0 7 5 9 3 10 8 2 1 4 6 0
tc2c10s2cf0.xml	272.70	0.01	0.0%	0 9 10 8 6 5 7 2 1 3 4 0
tc2c10s2ct0.xml	272.70	0.01	0.0%	0 9 10 8 6 5 7 2 1 3 4 0
tc2c10s3cf0.xml	272.70	0.01	0.0%	0 9 10 8 6 5 7 2 1 3 4 0
tc2c10s3ct0.xml	272.70	0.01	0.0%	0 9 10 8 6 5 7 2 1 3 4 0
tc0c20s3cf2.xml	437.81	0.59	0.0%	0 19 1 10 14 11 16 13 17 2 18 9 12 20 4 5 15 3 8 6 7 0
tc0c20s3ct2.xml	433.27	0.07	0.0%	0 7 3 15 5 4 20 12 9 18 2 17 13 16 11 14 8 6 10 1 19 0
tc0c20s4cf2.xml	437.81	0.58	0.0%	0 7 6 8 3 15 5 4 20 12 9 18 2 17 13 16 11 14 10 1 19 0
tc0c20s4ct2.xml	430.43	0.03	0.0%	0 7 15 5 4 3 6 8 9 18 12 20 2 17 13 16 11 14 10 1 19 0
tc1c20s3cf1.xml	378.25	1.12	0.0%	0 2 3 1 4 11 15 17 19 10 9 7 20 8 5 6 14 18 16 13 12 0
tc1c20s3cf3.xml	367.85	0.18	0.0%	0 13 15 19 18 8 16 11 7 5 6 17 20 14 3 12 4 1 2 10 9 0
tc1c20s3cf4.xml	446.23	0.02	0.0%	0 12 20 9 7 8 10 16 17 14 11 18 13 15 2 5 4 6 1 3 19 0
tc1c20s3ct1.xml	397.03	1001.40	1.4%	0 1 4 11 15 17 19 3 2 10 9 7 20 8 5 6 14 18 16 13 12 0
tc1c20s3ct3.xml	364.17	0.05	0.0%	0 13 15 19 18 8 16 11 7 5 6 17 20 14 3 12 4 1 2 10 9 0
tc1c20s3ct4.xml	446.58	0.04	0.0%	0 19 3 1 6 4 5 2 15 13 18 11 14 17 16 10 8 7 9 20 12 0
tc1c20s4cf1.xml	378.25	1.41	0.0%	0 12 13 16 18 14 6 5 8 20 7 9 10 19 17 15 11 4 1 3 2 0
tc1c20s4cf3.xml	367.85	0.20	0.0%	0 13 15 19 18 8 16 11 7 5 6 17 20 14 3 12 4 1 2 10 9 0
tc1c20s4cf4.xml	446.23	0.01	0.0%	0 12 20 9 7 8 10 16 17 14 11 18 13 15 2 5 4 6 1 3 19 0
tc1c20s4ct1.xml	369.65	0.10	0.0%	0 2 3 1 4 11 15 17 19 10 9 7 20 8 5 6 14 18 16 13 12 0
tc1c20s4ct3.xml	364.17	0.04	0.0%	0 13 15 19 18 8 16 11 7 5 6 17 20 14 3 12 4 1 2 10 9 0
tc1c20s4ct4.xml	446.23	0.01	0.0%	0 12 20 9 7 8 10 16 17 14 11 18 13 15 2 5 4 6 1 3 19 0
tc2c20s3cf0.xml	368.49	0.73	0.0%	0 20 19 3 1 2 11 12 10 15 13 14 6 4 5 7 9 8 16 18 17 0
tc2c20s3ct0.xml	362.95	0.03	0.0%	0 17 18 16 8 9 7 5 4 6 14 13 15 10 12 11 2 1 3 19 20 0
tc2c20s4cf0.xml	366.73	0.39	0.0%	0 20 19 3 1 2 11 12 10 15 13 14 6 4 5 7 9 8 16 18 17 0
tc2c20s4ct0.xml	362.87	0.01	0.0%	0 20 19 3 1 2 11 12 10 15 13 14 6 4 5 7 9 8 16 18 17 0
tc0c40s5cf0.xml	637.38	1000.68	1.7%	0 17 39 15 37 7 31 29 11 40 16 38 4 33 22 21 2 5 12 3 35 30 10 34 20 13 26 19 36 8 6 23 9 18 28 27 14 24 32 1 25 0
tc0c40s5cf4.xml	620.70	0.55	0.0%	0 4 18 29 24 23 19 5 13 40 26 12 7 14 2 27 30 39 34 6 22 25 37 3 33 31 15 17 36 8 20 38 1 28 16 35 10 21 32 11 9 0
tc0c40s5ct0.xml	616.99	0.82	0.0%	0 25 1 32 24 14 27 28 18 9 23 6 8 36 19 26 13 20 34 10 35 3 30 40 16 12 5 2 21 22 33 4 38 11 29 31 7 37 15 39 17 0
tc0c40s5ct4.xml	621.39	0.70	0.0%	0 4 18 29 24 23 19 5 13 40 26 12 7 14 2 27 30 39 34 6 22 25 37 3 33 31 15 17 36 8 20 38 1 28 16 35 10 21 32 11 9 0
tc0c40s8cf0.xml	637.38	1000.85	1.7%	0 17 39 15 37 7 31 29 11 40 16 38 4 33 22 21 2 5 12 3 35 30 10 34 20 13 26 19 36 8 6 23 9 18 28 27 14 24 32 1 25 0
tc0c40s8cf4.xml	619.13	0.14	0.0%	0 9 11 32 21 10 35 16 28 1 38 20 8 36 17 15 31 33 3 37 25 22 6 34 39 30 27 2 14 7 12 26 40 13 5 19 23 24 29 18 4 0
tc0c40s8ct0.xml	615.11	0.31	0.0%	0 25 1 32 24 14 27 28 18 9 23 6 8 36 19 26 13 20 34 10 35 3 30 40 16 12 5 2 21 22 33 4 38 11 29 31 7 37 15 39 17 0
tc0c40s8ct4.xml	619.41	0.25	0.0%	0 4 18 29 24 23 19 5 13 40 26 12 7 14 2 27 30 39 34 6 22 25 37 3 33 31 15 17 36 8 20 38 1 28 16 35 10 21 32 11 9 0
tc1c40s5cf1.xml	654.17	1000.60	2.5%	0 23 31 36 20 19 22 32 21 37 4 5 6 24 1 3 2 27 40 13 15 14 25 33 28 39 34 12 11 10 26 7 8 9 35 29 30 38 16 17 18 0
tc1c40s5ct1.xml	635.59	4.21	0.0%	0 18 17 16 38 30 29 35 9 8 7 26 10 11 12 34 39 28 33 25 14 15 13 40 27 2 3 1 24 6 5 4 22 20 19 32 37 21 36 31 23 0
tc1c40s8cf1.xml	636.82	16.38	0.0%	0 18 17 16 38 30 29 35 9 8 7 26 24 6 5 4 2 3 1 11 10 12 34 39 28 33 25 14 15 13 40 27 37 21 32 22 19 20 36 31 23 0
tc1c40s8ct1.xml	632.20	0.17	0.0%	0 18 17 16 38 30 29 35 9 8 7 26 10 11 12 34 39 28 33 25 14 15 13 40 27 2 3 1 24 6 5 4 22 20 19 32 37 21 36 31 23 0
tc2c40s5cf2.xml	490.73	1000.46	1.9%	0 22 24 23 11 10 12 30 28 29 16 17 18 5 4 6 36 34 35 21 20 19 40 25 27 26 8 7 9 33 32 31 38 39 37 3 1 2 15 14 13 0
tc2c40s5cf3.xml	452.15	1000.92	2.2%	0 14 18 13 16 17 15 33 34 36 31 35 32 10 9 7 12 8 11 5 2 6 1 3 4 26 30 27 28 25 29 40 38 20 21 19 24 23 22 37 39 0
tc2c40s5ct2.xml	477.85	0.03	0.0%	0 22 24 23 11 10 12 30 28 29 19 20 21 16 17 18 5 4 6 36 34 35 40 25 27 26 8 7 9 33 32 31 38 39 37 3 1 2 15 14 13 0
tc2c40s5ct3.xml	439.91	0.27	0.0%	0 17 16 14 18 13 15 33 34 36 31 35 32 10 9 7 12 8 11 5 2 6 1 3 4 26 30 27 28 25 29 40 38 20 21 19 24 23 22 37 39 0
tc2c40s8cf2.xml	483.18	55.87	0.0%	0 22 24 23 11 10 12 30 28 29 19 20 21 16 17 18 5 4 6 36 34 35 40 25 27 26 8 7 9 33 32 31 38 39 37 3 1 2 15 14 13 0
tc2c40s8cf3.xml	451.51	1000.77	2.0%	0 39 37 22 23 24 19 21 20 38 40 29 25 30 28 27 26 4 3 1 6 2 5 11 8 12 7 9 10 32 35 31 36 34 33 15 13 18 14 16 17 0
tc2c40s8ct2.xml	477.85	0.03	0.0%	0 22 24 23 11 10 12 30 28 29 19 20 21 16 17 18 5 4 6 36 34 35 40 25 27 26 8 7 9 33 32 31 38 39 37 3 1 2 15 14 13 0
tc2c40s8ct3.xml	439.91	0.22	0.0%	0 17 16 14 18 13 15 33 34 36 31 35 32 10 9 7 12 8 11 5 2 6 1 3 4 26 30 27 28 25 29 40 38 20 21 19 24 23 22 37 39 0
|Ω|=1 B=200
tc0c10s2cf1.xml	362.37	0.03	0.0%	0 8 7 2 5 9 4 3 1 6 10 0
tc0c10s2ct1.xml	363.13	0.02	0.0%	0 2 5 9 4 3 1 6 10 8 7 0
tc0c10s3cf1.xml	362.37	0.03	0.0%	0 8 7 2 5 9 4 3 1 6 10 0
tc0c10s3ct1.xml	363.13	0.02	0.0%	0 2 5 9 4 3 1 6 10 8 7 0
tc1c10s2cf2.xml	273.09	0.04	0.0%	0 10 6 4 3 5 1 2 9 7 8 0
tc1c10s2cf3.xml	354.46	0.60	0.0%	0 10 9 4 8 2 3 6 7 5 1 0
tc1c10s2cf4.xml	391.39	0.02	0.0%	0 7 5 9 3 10 8 2 1 4 6 0
tc1c10s2ct2.xml	271.76	0.02	0.0%	0 10 6 4 3 5 1 2 7 9 8 0
tc1c10s2ct3.xml	334.36	0.14	0.0%	0 10 9 4 8 2 3 6 7 5 1 0
tc1c10s2ct4.xml	390.05	0.03	0.0%	0 6 4 1 2 8 10 7 3 9 5 0
tc1c10s3cf2.xml	273.09	0.04	0.0%	0 10 6 4 3 5 1 2 9 7 8 0
tc1c10s3cf3.xml	352.29	0.42	0.0%	0 10 9 4 8 2 3 6 7 5 1 0
tc1c10s3cf4.xml	391.39	0.02	0.0%	0 7 5 9 3 10 8 2 1 4 6 0
tc1c10s3ct2.xml	271.76	0.02	0.0%	0 10 6 4 3 5 1 2 7 9 8 0
tc1c10s3ct3.xml	327.89	0.08	0.0%	0 10 9 4 8 2 3 6 7 5 1 0
tc1c10s3ct4.xml	389.61	0.02	0.0%	0 5 9 3 7 10 8 2 1 4 6 0
tc2c10s2cf0.xml	278.52	0.07	0.0%	0 9 10 8 6 5 7 2 1 3 4 0
tc2c10s2ct0.xml	275.87	0.03	0.0%	0 9 10 8 6 5 7 2 1 3 4 0
tc2c10s3cf0.xml	278.52	0.07	0.0%	0 9 10 8 6 5 7 2 1 3 4 0
tc2c10s3ct0.xml	275.53	0.04	0.0%	0 9 10 8 6 5 7 2 1 3 4 0
tc0c20s3cf2.xml	470.05	1000.34	4.3%	0 19 1 10 6 8 14 11 16 13 17 2 18 9 12 20 4 5 15 3 7 0
tc0c20s3ct2.xml	436.64	0.40	0.0%	0 19 1 10 6 8 14 11 16 13 17 2 18 9 12 20 4 5 15 3 7 0
tc0c20s4cf2.xml	470.05	1000.48	4.3%	0 19 1 10 6 8 14 11 16 13 17 2 18 9 12 20 4 5 15 3 7 0
tc0c20s4ct2.xml	433.27	0.08	0.0%	0 7 3 15 5 4 20 12 9 18 2 17 13 16 11 14 8 6 10 1 19 0
tc1c20s3cf1.xml	383.83	18.56	0.0%	0 12 13 16 18 14 9 10 19 7 6 5 8 20 17 15 11 4 1 3 2 0
tc1c20s3cf3.xml	394.95	1000.61	4.3%	0 13 15 19 18 8 16 11 7 5 6 17 20 14 3 12 4 1 2 10 9 0
tc1c20s3cf4.xml	495.26	1000.65	6.0%	0 20 12 19 3 1 6 4 5 2 15 13 18 11 14 17 16 10 9 7 8 0
tc1c20s3ct1.xml	440.03	1000.56	12.6%	0 2 3 1 4 11 15 17 19 10 9 7 20 8 5 6 14 18 16 13 12 0
tc1c20s3ct3.xml	367.64	0.22	0.0%	0 13 15 19 8 16 11 7 5 18 6 17 20 14 3 12 4 1 2 10 9 0
tc1c20s3ct4.xml	483.10	1001.08	3.3%	0 8 10 7 9 16 17 14 11 18 13 15 2 5 4 6 1 3 19 12 20 0
tc1c20s4cf1.xml	383.83	16.71	0.0%	0 2 3 1 4 11 15 17 20 8 5 6 7 19 10 9 14 18 16 13 12 0
tc1c20s4cf3.xml	394.95	1000.78	4.2%	0 13 15 19 18 8 16 11 7 5 6 17 20 14 3 12 4 1 2 10 9 0
tc1c20s4cf4.xml	511.11	1000.53	8.9%	0 20 12 9 7 8 10 16 17 14 11 18 13 15 2 5 4 1 6 3 19 0
tc1c20s4ct1.xml	403.00	1000.90	3.5%	0 2 1 4 11 15 17 20 8 5 6 7 19 3 10 9 14 18 16 13 12 0
tc1c20s4ct3.xml	395.09	1000.70	4.6%	0 9 10 2 1 4 12 3 14 20 17 6 5 7 11 16 8 18 19 15 13 0
tc1c20s4ct4.xml	482.75	1000.61	3.3%	0 20 12 19 3 1 6 4 5 2 15 13 18 11 14 17 16 9 7 10 8 0
tc2c20s3cf0.xml	368.89	1.45	0.0%	0 20 19 3 1 2 11 12 10 15 13 14 6 4 5 7 9 8 16 18 17 0
tc2c20s3ct0.xml	362.95	0.03	0.0%	0 17 18 16 8 9 7 5 4 6 14 13 15 10 12 11 2 1 3 19 20 0
tc2c20s4cf0.xml	368.89	1.31	0.0%	0 20 19 3 1 2 11 12 10 15 13 14 6 4 5 7 9 8 16 18 17 0
tc2c20s4ct0.xml	362.95	0.03	0.0%	0 17 18 16 8 9 7 5 4 6 14 13 15 10 12 11 2 1 3 19 20 0
tc0c40s5cf0.xml	687.14	1001.27	9.2%	0 25 1 32 24 14 27 28 18 9 23 6 8 36 19 26 13 20 34 10 3 35 30 40 16 38 4 33 12 5 2 21 22 11 29 31 7 37 15 39 17 0
tc0c40s5cf4.xml	641.31	1000.73	2.4%	0 9 11 32 21 10 35 16 28 38 1 20 8 36 27 2 7 12 14 30 39 17 31 15 33 3 37 25 22 6 34 26 40 13 5 19 23 24 29 18 4 0
tc0c40s5ct0.xml	644.81	1000.68	3.0%	0 25 1 32 24 14 27 28 18 9 23 6 8 36 19 26 13 20 34 10 35 3 30 40 16 12 5 2 21 22 33 4 38 11 29 31 7 37 15 39 17 0
tc0c40s5ct4.xml	632.18	1000.81	0.4%	0 4 18 29 24 23 19 5 13 40 26 12 7 14 2 27 30 39 36 17 6 34 22 25 37 3 33 31 15 8 38 1 20 28 16 35 10 21 32 11 9 0
tc0c40s8cf0.xml	677.35	1001.35	7.9%	0 25 1 32 24 14 27 28 18 9 23 6 8 36 19 26 13 20 34 10 3 35 30 40 16 38 4 33 12 5 2 21 22 11 29 31 7 37 15 39 17 0
tc0c40s8cf4.xml	623.45	1.70	0.0%	0 4 18 29 23 19 5 13 40 26 12 7 14 2 27 30 39 34 6 22 25 37 3 33 31 15 17 36 8 20 38 1 28 16 35 10 21 32 11 9 24 0
tc0c40s8ct0.xml	617.00	0.68	0.0%	0 25 1 32 24 14 27 28 18 9 23 6 8 36 19 26 13 20 34 10 35 3 30 40 16 12 5 2 21 22 33 4 38 11 29 31 7 37 15 39 17 0
tc0c40s8ct4.xml	638.82	1001.02	1.8%	0 4 18 29 24 23 19 5 7 14 12 13 40 26 34 6 22 25 37 3 33 31 15 17 39 30 2 27 36 8 20 38 1 28 16 35 10 21 32 11 9 0
tc1c40s5cf1.xml	673.52	1001.05	5.4%	0 23 31 36 21 37 32 19 20 22 4 5 6 24 26 1 3 2 27 40 13 15 14 25 33 28 39 34 12 11 10 7 8 9 35 29 30 38 16 17 18 0
tc1c40s5ct1.xml	661.58	1000.72	3.7%	0 18 17 16 38 30 29 35 9 8 7 26 24 10 11 12 34 39 28 33 25 14 15 13 40 27 2 3 1 6 5 4 22 20 19 32 37 21 36 31 23 0
tc1c40s8cf1.xml	647.67	1001.34	1.5%	0 23 31 36 20 19 22 32 37 21 15 13 14 25 33 28 39 34 12 10 11 1 3 2 40 27 4 5 6 24 26 7 8 9 35 29 30 38 16 17 18 0
tc1c40s8ct1.xml	638.44	117.62	0.0%	0 18 17 16 38 30 29 35 9 8 7 26 24 10 11 12 34 39 28 33 25 14 15 13 40 27 2 3 1 6 5 4 22 20 19 32 37 21 36 31 23 0
tc2c40s5cf2.xml	514.81	1001.06	6.4%	0 23 24 22 11 10 12 30 28 29 16 17 18 5 4 6 36 34 35 21 20 19 40 25 27 26 8 7 9 33 32 31 38 39 37 3 1 2 15 14 13 0
tc2c40s5cf3.xml	462.01	1001.49	4.3%	0 17 16 14 18 13 15 33 34 36 31 35 32 10 9 7 12 8 11 5 2 6 1 3 4 26 27 28 30 25 29 40 38 20 21 19 24 23 22 37 39 0
tc2c40s5ct2.xml	477.88	0.05	0.0%	0 22 24 23 11 10 12 30 28 29 19 20 21 16 17 18 5 4 6 36 34 35 40 25 27 26 8 7 9 33 32 31 38 39 37 3 1 2 15 14 13 0
tc2c40s5ct3.xml	498.11	1002.14	11.2%	0 17 16 14 18 13 15 33 34 36 31 35 32 10 9 7 12 8 11 5 2 6 1 3 4 26 27 28 30 25 29 40 38 20 21 19 24 23 22 37 39 0
tc2c40s8cf2.xml	506.49	1000.55	4.8%	0 22 24 23 11 10 12 30 28 29 19 20 21 16 17 18 5 4 6 36 34 35 40 25 27 26 8 7 9 33 32 31 38 39 37 3 1 2 15 14 13 0
tc2c40s8cf3.xml	463.59	1001.38	4.5%	0 17 16 14 18 13 15 33 34 36 31 35 32 10 9 7 12 8 11 5 2 6 1 3 4 26 27 28 30 25 29 40 38 20 21 19 24 23 22 37 39 0
tc2c40s8ct2.xml	477.88	0.05	0.0%	0 22 24 23 11 10 12 30 28 29 19 20 21 16 17 18 5 4 6 36 34 35 40 25 27 26 8 7 9 33 32 31 38 39 37 3 1 2 15 14 13 0
tc2c40s8ct3.xml	441.44	1.49	0.0%	0 17 16 14 18 13 15 33 34 36 31 35 32 10 9 7 12 8 11 5 2 6 1 3 4 26 27 28 30 25 29 40 38 20 21 19 24 23 22 37 39 0
|Ω|=1 B=100
tc0c10s2cf1.xml	INF	0.21	INF	INF
tc0c10s2ct1.xml	INF	0.24	INF	INF
tc0c10s3cf1.xml	INF	0.20	INF	INF
tc0c10s3ct1.xml	381.90	0.11	0.0%	0 2 5 9 4 3 1 6 10 8 7 0
tc1c10s2cf2.xml	INF	0.16	INF	INF
tc1c10s2cf3.xml	INF	0.21	INF	INF
tc1c10s2cf4.xml	INF	0.20	INF	INF
tc1c10s2ct2.xml	332.47	15.26	0.0%	0 10 6 7 2 1 5 3 4 9 8 0
tc1c10s2ct3.xml	INF	0.20	INF	INF
tc1c10s2ct4.xml	INF	0.17	INF	INF
tc1c10s3cf2.xml	INF	0.16	INF	INF
tc1c10s3cf3.xml	INF	0.20	INF	INF
tc1c10s3cf4.xml	INF	0.17	INF	INF
tc1c10s3ct2.xml	321.99	1.85	0.0%	0 10 6 9 2 1 5 3 4 7 8 0
tc1c10s3ct3.xml	386.73	0.07	0.0%	0 6 1 7 5 10 9 4 8 2 3 0
tc1c10s3ct4.xml	INF	0.14	INF	INF
tc2c10s2cf0.xml	INF	0.23	INF	INF
tc2c10s2ct0.xml	INF	0.77	INF	INF
tc2c10s3cf0.xml	INF	0.24	INF	INF
tc2c10s3ct0.xml	285.53	0.08	0.0%	0 8 6 5 7 2 1 3 4 10 9 0
tc0c20s3cf2.xml	inf	1000.07	inf%	inf
tc0c20s3ct2.xml	587.72	1000.68	20.9%	0 19 1 10 14 11 16 13 17 2 20 12 18 9 8 6 7 3 4 5 15 0
tc0c20s4cf2.xml	inf	1000.09	inf%	inf
tc0c20s4ct2.xml	563.54	1000.38	18.8%	0 6 8 9 18 12 20 2 17 13 16 11 14 10 1 19 15 5 4 3 7 0
tc1c20s3cf1.xml	INF	2.25	INF	INF
tc1c20s3cf3.xml	613.13	1000.64	38.5%	0 13 15 19 18 8 16 11 7 5 6 17 20 14 2 1 3 12 4 10 9 0
tc1c20s3cf4.xml	INF	51.55	INF	INF
tc1c20s3ct1.xml	INF	6.58	INF	INF
tc1c20s3ct3.xml	INF	1.58	INF	INF
tc1c20s3ct4.xml	INF	4.53	INF	INF
tc1c20s4cf1.xml	INF	8.40	INF	INF
tc1c20s4cf3.xml	613.07	1000.56	38.6%	0 9 10 4 12 3 1 2 14 20 17 6 5 7 11 16 8 18 19 15 13 0
tc1c20s4cf4.xml	INF	20.25	INF	INF
tc1c20s4ct1.xml	INF	69.62	INF	INF
tc1c20s4ct3.xml	507.71	1000.49	25.8%	0 9 10 2 1 12 4 3 14 20 17 6 18 5 7 8 16 11 19 15 13 0
tc1c20s4ct4.xml	INF	3.97	INF	INF
tc2c20s3cf0.xml	473.21	1000.65	21.2%	0 20 19 3 1 2 11 13 14 15 12 10 6 4 5 9 7 8 16 18 17 0
tc2c20s3ct0.xml	INF	20.47	INF	INF
tc2c20s4cf0.xml	441.73	1000.50	15.5%	0 20 19 3 1 2 11 12 10 15 13 14 6 4 5 9 7 8 16 18 17 0
tc2c20s4ct0.xml	INF	25.26	INF	INF
tc0c40s5cf0.xml	inf	1000.54	inf%	inf
tc0c40s5cf4.xml	inf	1001.50	inf%	inf
tc0c40s5ct0.xml	INF	830.62	INF	INF
tc0c40s5ct4.xml	inf	1000.82	inf%	inf
tc0c40s8cf0.xml	1128.35	1001.36	44.8%	0 17 39 15 37 7 31 29 11 38 33 4 21 22 2 5 12 16 40 30 3 35 10 34 20 13 26 19 36 23 8 6 9 18 28 27 14 32 24 1 25 0
tc0c40s8cf4.xml	1007.35	1001.02	35.5%	0 4 18 29 24 23 19 5 13 40 26 12 7 14 2 27 30 39 36 17 6 34 22 25 37 3 31 15 33 20 8 38 1 28 16 35 10 21 32 11 9 0
tc0c40s8ct0.xml	823.83	1003.41	24.4%	0 28 27 14 24 32 1 25 18 9 23 6 8 36 19 26 13 20 34 10 35 3 30 40 16 12 5 2 21 22 33 4 38 11 29 31 7 37 15 39 17 0
tc0c40s8ct4.xml	inf	1002.93	inf%	inf
tc1c40s5cf1.xml	1178.44	1003.34	45.9%	0 23 31 36 20 19 22 32 21 37 27 40 13 15 14 25 33 28 39 34 10 11 12 1 3 2 4 5 6 24 26 7 8 9 35 29 30 38 16 17 18 0
tc1c40s5ct1.xml	INF	510.56	INF	INF
tc1c40s8cf1.xml	928.71	1002.74	31.6%	0 23 31 36 20 19 22 32 21 37 27 40 13 15 14 25 33 28 39 34 10 11 12 1 3 2 4 5 6 24 26 7 9 8 35 29 30 38 16 17 18 0
tc1c40s8ct1.xml	INF	76.78	INF	INF
tc2c40s5cf2.xml	723.54	1000.83	32.8%	0 22 24 23 11 10 12 30 28 29 19 20 21 16 17 18 5 4 6 36 34 35 40 25 27 26 32 33 31 38 39 37 9 8 7 3 1 2 15 14 13 0
tc2c40s5cf3.xml	inf	1000.89	inf%	inf
tc2c40s5ct2.xml	673.98	1003.18	28.7%	0 13 14 15 2 1 3 39 37 38 31 32 33 9 7 8 26 27 25 40 35 34 36 6 4 5 18 17 16 21 20 19 29 28 30 12 10 11 23 24 22 0
tc2c40s5ct3.xml	inf	1001.25	inf%	inf
tc2c40s8cf2.xml	603.95	1004.25	20.3%	0 23 24 22 11 10 12 30 28 29 21 20 19 16 17 18 5 4 6 36 34 35 40 25 27 26 8 7 9 33 32 31 38 39 37 1 3 2 15 14 13 0
tc2c40s8cf3.xml	inf	1002.44	inf%	inf
tc2c40s8ct2.xml	572.91	1002.25	16.0%	0 22 24 23 11 10 12 30 28 29 16 17 18 5 4 6 36 34 35 21 20 19 40 25 27 26 8 7 9 33 32 31 38 39 37 3 1 2 15 14 13 0
tc2c40s8ct3.xml	inf	1000.92	inf%	inf

