|Ω|=1 B=300
tc0c10s2cf1.xml	300	360.93	0.12	0.0%	OK	0 2 5 9 4 3 1 6 10 8 7 0	0 2 5 9 4 12 3 1 6 10 8 7 0
tc0c10s2ct1.xml	300	363.13	0.09	0.0%	OK	0 2 5 9 4 3 1 6 10 8 7 0	0 2 5 9 4 13 3 1 6 10 8 7 0
tc0c10s3cf1.xml	300	360.93	0.12	0.0%	OK	0 7 8 10 6 1 3 4 9 5 2 0	0 7 8 10 6 1 3 12 4 9 5 2 0
tc0c10s3ct1.xml	300	363.13	0.11	0.0%	OK	0 2 5 9 4 3 1 6 10 8 7 0	0 2 5 9 4 13 3 1 6 10 8 7 0
tc1c10s2cf2.xml	300	270.98	0.10	0.0%	OK	0 8 9 7 2 1 5 3 4 6 10 0	0 8 9 7 2 1 5 3 4 6 10 0
tc1c10s2cf3.xml	300	318.70	0.04	0.0%	OK	0 1 5 7 6 3 2 8 4 9 10 0	0 13 1 5 7 6 3 2 8 4 9 10 0
tc1c10s2cf4.xml	300	386.66	0.07	0.0%	OK	0 6 4 1 2 8 10 3 9 5 7 0	0 6 13 4 1 2 8 10 3 9 5 7 0
tc1c10s2ct2.xml	300	270.98	0.06	0.0%	OK	0 8 9 7 2 1 5 3 4 6 10 0	0 8 9 7 2 1 5 3 4 6 10 0
tc1c10s2ct3.xml	300	315.48	0.07	0.0%	OK	0 1 5 7 6 3 2 8 4 9 10 0	0 1 13 5 7 6 3 2 8 4 9 10 0
tc1c10s2ct4.xml	300	383.80	0.06	0.0%	OK	0 6 4 1 2 8 10 3 9 5 7 0	0 6 4 13 1 2 8 10 3 9 5 7 0
tc1c10s3cf2.xml	300	270.98	0.21	0.0%	OK	0 8 9 7 2 1 5 3 4 6 10 0	0 8 9 7 2 1 5 3 4 6 10 0
tc1c10s3cf3.xml	300	316.53	0.04	0.0%	OK	0 10 9 4 8 2 3 6 7 5 1 0	0 10 9 4 8 2 3 6 7 5 1 14 0
tc1c10s3cf4.xml	300	386.66	0.08	0.0%	OK	0 7 5 9 3 10 8 2 1 4 6 0	0 7 5 9 3 10 8 2 1 4 13 6 0
tc1c10s3ct2.xml	300	270.98	0.23	0.0%	OK	0 10 6 4 3 5 1 2 7 9 8 0	0 10 6 4 3 5 1 2 7 9 8 0
tc1c10s3ct3.xml	300	315.48	0.07	0.0%	OK	0 1 5 7 6 3 2 8 4 9 10 0	0 1 14 5 7 6 3 2 8 4 9 10 0
tc1c10s3ct4.xml	300	383.80	0.09	0.0%	OK	0 6 4 1 2 8 10 3 9 5 7 0	0 6 4 13 1 2 8 10 3 9 5 7 0
tc2c10s2cf0.xml	300	272.70	0.03	0.0%	OK	0 4 3 1 2 7 5 6 8 10 9 0	0 4 3 1 2 7 5 6 8 10 9 0
tc2c10s2ct0.xml	300	272.70	0.04	0.0%	OK	0 4 3 1 2 7 5 6 8 10 9 0	0 4 3 1 2 7 5 6 8 10 9 0
tc2c10s3cf0.xml	300	272.70	0.04	0.0%	OK	0 4 3 1 2 7 5 6 8 10 9 0	0 4 3 1 2 7 5 6 8 10 9 0
tc2c10s3ct0.xml	300	272.70	0.04	0.0%	OK	0 9 10 8 6 5 7 2 1 3 4 0	0 9 10 8 6 5 7 2 1 3 4 0
tc0c20s3cf2.xml	300	437.81	1.25	0.0%	OK	0 7 6 8 3 15 5 4 20 12 9 18 2 17 13 16 11 14 10 1 19 0	0 7 6 8 3 15 5 22 4 20 12 9 18 2 17 13 16 11 14 10 1 19 0
tc0c20s3ct2.xml	300	433.27	0.92	0.0%	OK	0 7 3 15 5 4 20 12 9 18 2 17 13 16 11 14 8 6 10 1 19 0	0 7 3 15 5 4 20 12 9 18 2 17 13 16 24 11 14 8 6 10 1 19 0
tc0c20s4cf2.xml	300	437.81	3.42	0.0%	OK	0 7 6 8 3 15 5 4 20 12 9 18 2 17 13 16 11 14 10 1 19 0	0 7 6 8 3 15 5 22 4 20 12 9 18 2 17 13 16 11 14 10 1 19 0
tc0c20s4ct2.xml	300	430.43	3.59	0.0%	OK	0 19 1 10 14 11 16 13 17 2 20 12 18 9 8 6 3 4 5 15 7 0	0 19 1 10 14 11 24 16 13 17 2 20 12 18 9 8 6 3 4 5 25 15 7 0
tc1c20s3cf1.xml	300	378.25	5.89	0.0%	OK	0 2 3 1 4 11 15 17 19 10 9 7 20 8 5 6 14 18 16 13 12 0	0 2 3 1 4 11 15 17 19 24 10 9 7 20 8 5 6 14 18 16 13 12 0
tc1c20s3cf3.xml	300	367.85	4.38	0.0%	OK	0 9 10 2 1 4 12 3 14 20 17 6 5 7 11 16 8 18 19 15 13 0	0 9 10 2 1 4 12 3 14 20 17 6 5 7 11 16 8 18 19 15 23 13 0
tc1c20s3cf4.xml	300	446.23	0.74	0.0%	OK	0 19 3 1 6 4 5 2 15 13 18 11 14 17 16 10 8 7 9 20 12 0	0 19 3 1 6 4 5 2 15 13 18 11 22 14 17 16 10 8 7 9 20 12 0
tc1c20s3ct1.xml	300	397.03	6.02	0.0%	OK	0 1 4 11 15 17 19 3 2 10 9 7 20 8 5 6 14 18 16 13 12 0	0 1 4 11 15 17 19 24 3 2 10 9 7 20 8 5 6 14 18 16 13 12 0
tc1c20s3ct3.xml	300	364.17	0.65	0.0%	OK	0 13 15 19 18 8 16 11 7 5 6 17 20 14 3 12 4 1 2 10 9 0	0 13 15 19 18 8 16 11 7 5 6 17 20 14 3 12 4 24 1 2 10 9 0
tc1c20s3ct4.xml	300	446.58	0.29	0.0%	OK	0 12 20 9 7 8 10 16 17 14 11 18 13 15 2 5 4 6 1 3 19 0	0 12 20 9 7 8 10 16 17 14 22 11 18 13 15 2 5 4 6 1 3 19 0
tc1c20s4cf1.xml	300	378.25	1.17	0.0%	OK	0 12 13 16 18 14 6 5 8 20 7 9 10 19 17 15 11 4 1 3 2 0	0 12 13 16 18 14 6 5 8 20 7 9 10 24 19 17 15 11 4 1 3 2 0
tc1c20s4cf3.xml	300	367.85	1.19	0.0%	OK	0 9 10 2 1 4 12 3 14 20 17 6 5 7 11 16 8 18 19 15 13 0	0 9 10 2 1 4 12 3 14 20 17 6 5 7 11 16 8 18 19 15 23 13 0
tc1c20s4cf4.xml	300	446.23	0.41	0.0%	OK	0 12 20 9 7 8 10 16 17 14 11 18 13 15 2 5 4 6 1 3 19 0	0 12 20 9 7 8 10 16 17 14 22 11 18 13 15 2 5 4 6 1 3 19 0
tc1c20s4ct1.xml	300	369.65	0.42	0.0%	OK	0 12 13 16 18 14 6 5 8 20 7 9 10 19 17 15 11 4 1 3 2 0	0 12 13 25 16 18 14 6 5 8 20 7 9 10 19 17 15 11 4 1 23 3 2 0
tc1c20s4ct3.xml	300	364.17	0.57	0.0%	OK	0 13 15 19 18 8 16 11 7 5 6 17 20 14 3 12 4 1 2 10 9 0	0 13 15 19 18 8 16 11 7 5 6 17 20 14 3 12 4 24 1 2 10 9 0
tc1c20s4ct4.xml	300	446.23	0.19	0.0%	OK	0 12 20 9 7 8 10 16 17 14 11 18 13 15 2 5 4 6 1 3 19 0	0 12 20 9 7 8 10 16 17 14 11 25 18 13 15 2 5 4 6 1 3 19 0
tc2c20s3cf0.xml	300	368.49	0.60	0.0%	OK	0 17 18 16 8 9 7 5 4 6 14 13 15 10 12 11 2 1 3 19 20 0	0 17 18 16 8 9 7 5 4 6 14 13 15 10 12 11 2 1 3 24 19 20 0
tc2c20s3ct0.xml	300	362.95	2.72	0.0%	OK	0 20 19 3 1 2 11 12 10 15 13 14 6 4 5 7 9 8 16 18 17 0	0 20 19 3 1 2 11 12 10 15 23 13 14 6 4 5 7 9 8 16 18 17 0
tc2c20s4cf0.xml	300	366.73	3.63	0.0%	OK	0 17 18 16 8 9 7 5 4 6 14 13 15 10 12 11 2 1 3 19 20 0	0 17 18 16 8 9 7 5 4 6 14 13 15 10 12 11 2 1 3 25 19 20 0
tc2c20s4ct0.xml	300	362.87	1.50	0.0%	OK	0 20 19 3 1 2 11 12 10 15 13 14 6 4 5 7 9 8 16 18 17 0	0 20 19 3 1 25 2 11 12 10 15 13 14 6 4 5 7 9 8 16 18 17 0
tc0c40s5cf0.xml	300	637.38	33.76	0.0%	OK	0 17 39 15 37 7 31 29 11 40 16 38 4 33 22 21 2 5 12 3 35 30 10 34 20 13 26 19 36 8 6 23 9 18 28 27 14 24 32 1 25 0	0 17 39 43 15 37 7 31 29 11 40 16 38 4 33 22 21 2 5 12 3 35 30 45 10 34 20 13 26 19 36 8 6 23 9 18 28 27 14 24 32 1 25 0
tc0c40s5cf4.xml	300	620.70	5.79	0.0%	OK	0 4 18 29 24 23 19 5 13 40 26 12 7 14 2 27 30 39 34 6 22 25 37 3 33 31 15 17 36 8 20 38 1 28 16 35 10 21 32 11 9 0	0 4 18 29 24 23 19 5 13 40 26 12 7 14 2 27 30 39 46 34 6 22 25 37 3 33 31 15 17 36 8 20 45 38 1 28 16 35 10 21 32 11 9 0
tc0c40s5ct0.xml	300	616.99	5.08	0.0%	OK	0 17 39 15 37 7 31 29 11 38 4 33 22 21 2 5 12 16 40 30 3 35 10 34 20 13 26 19 36 8 6 23 9 18 28 27 14 24 32 1 25 0	0 17 39 15 37 7 46 31 29 11 38 4 33 22 21 2 5 12 16 40 30 3 35 45 10 34 20 13 26 19 36 8 6 23 9 18 28 27 14 24 32 1 25 0
tc0c40s5ct4.xml	300	621.39	4.63	0.0%	OK	0 9 11 32 21 10 35 16 28 1 38 20 8 36 17 15 31 33 3 37 25 22 6 34 39 30 27 2 14 7 12 26 40 13 5 19 23 24 29 18 4 0	0 9 11 32 21 10 35 16 28 1 38 44 20 8 36 17 15 31 33 3 37 25 22 6 34 39 46 30 27 2 14 7 12 26 40 13 5 19 23 24 29 18 4 0
tc0c40s8cf0.xml	300	637.38	30.67	0.0%	OK	0 17 39 15 37 7 31 29 11 40 16 38 4 33 22 21 2 5 12 3 35 30 10 34 20 13 26 19 36 8 6 23 9 18 28 27 14 24 32 1 25 0	0 17 39 43 15 37 7 31 29 11 40 16 38 4 33 22 21 2 5 12 3 35 30 45 10 34 20 13 26 19 36 8 6 23 9 18 28 27 14 24 32 1 25 0
tc0c40s8cf4.xml	300	619.13	8.82	0.0%	OK	0 9 11 32 21 10 35 16 28 1 38 20 8 36 17 15 31 33 3 37 25 22 6 34 39 30 27 2 14 7 12 26 40 13 5 19 23 24 29 18 4 0	0 9 11 48 32 21 10 35 16 28 1 38 45 20 8 36 17 15 31 33 3 37 25 22 6 34 39 30 27 2 14 49 7 12 26 40 13 5 19 23 24 29 18 4 0
tc0c40s8ct0.xml	300	615.11	3.76	0.0%	OK	0 17 39 15 37 7 31 29 11 38 4 33 22 21 2 5 12 16 40 30 3 35 10 34 20 13 26 19 36 8 6 23 9 18 28 27 14 24 32 1 25 0	0 17 39 15 37 7 46 31 29 11 38 49 4 33 22 21 2 5 12 16 40 30 3 35 10 34 20 13 26 19 36 8 48 6 23 9 18 28 27 14 24 32 1 25 0
tc0c40s8ct4.xml	300	619.41	5.48	0.0%	OK	0 4 18 29 24 23 19 5 13 40 26 12 7 14 2 27 30 39 34 6 22 25 37 3 33 31 15 17 36 8 20 38 1 28 16 35 10 21 32 11 9 0	0 4 18 29 24 23 19 5 13 40 26 12 7 49 14 2 27 30 39 34 6 22 25 37 3 33 31 15 17 36 8 20 44 38 1 28 16 35 10 21 32 11 9 0
tc1c40s5cf1.xml	300	647.72	181.74	0.0%	OK	0 18 17 16 38 30 29 35 9 8 7 10 11 12 34 39 28 33 25 14 15 13 40 27 2 3 1 26 24 6 5 4 37 21 32 22 19 20 36 31 23 0	0 18 17 16 38 30 29 35 9 8 7 46 10 11 12 34 39 28 33 25 14 15 13 40 27 2 3 1 26 24 6 5 4 37 43 21 32 22 19 20 36 31 23 0
tc1c40s5ct1.xml	300	635.59	6.93	0.0%	OK	0 18 17 16 38 30 29 35 9 8 7 26 10 11 12 34 39 28 33 25 14 15 13 40 27 2 3 1 24 6 5 4 22 20 19 32 37 21 36 31 23 0	0 18 17 16 38 45 30 29 35 9 8 7 26 10 11 12 34 39 28 33 25 14 15 13 40 27 2 3 1 46 24 6 5 4 22 20 19 32 37 21 36 31 23 0
tc1c40s8cf1.xml	300	636.82	8.01	0.0%	OK	0 18 17 16 38 30 29 35 9 8 7 26 24 6 5 4 2 3 1 11 10 12 34 39 28 33 25 14 15 13 40 27 37 21 32 22 19 20 36 31 23 0	0 18 17 16 38 30 29 35 9 8 7 26 24 6 5 4 47 2 3 1 11 10 12 34 39 28 33 25 14 15 13 40 27 37 21 43 32 22 19 20 36 31 23 0
tc1c40s8ct1.xml	300	632.20	5.22	0.0%	OK	0 18 17 16 38 30 29 35 9 8 7 26 10 11 12 34 39 28 33 25 14 15 13 40 27 2 3 1 24 6 5 4 22 20 19 32 37 21 36 31 23 0	0 18 17 16 38 30 29 35 49 9 8 7 26 10 11 12 34 39 28 33 25 14 15 13 40 27 2 3 1 24 6 5 4 22 20 19 48 32 37 21 36 31 23 0
tc2c40s5cf2.xml	300	490.73	20.83	0.0%	OK	0 22 24 23 11 10 12 30 28 29 16 17 18 5 4 6 36 34 35 21 20 19 40 25 27 26 8 7 9 33 32 31 38 39 37 3 1 2 15 14 13 0	0 22 24 23 11 10 12 30 28 29 16 17 18 5 4 6 36 34 35 21 20 19 44 40 25 27 26 8 7 9 33 32 31 38 39 37 3 1 2 15 14 13 0
tc2c40s5cf3.xml	300	450.98	1000.50	1.2%	OK	0 17 15 16 13 18 14 22 23 24 19 21 20 38 37 39 40 29 25 30 28 27 26 4 3 1 6 2 5 11 8 12 7 9 10 32 31 35 33 34 36 0	0 17 15 16 13 18 14 22 23 24 19 21 20 38 37 39 40 42 29 25 30 28 27 26 4 3 1 6 2 5 11 8 12 7 9 10 32 31 35 33 34 36 0
tc2c40s5ct2.xml	300	477.85	9.04	0.0%	OK	0 13 14 15 2 1 3 37 39 38 31 32 33 9 7 8 26 27 25 40 35 34 36 6 4 5 18 17 16 21 20 19 29 28 30 12 10 11 23 24 22 0	0 13 14 15 2 1 3 37 39 38 31 32 46 33 9 7 8 26 27 25 40 35 34 36 6 4 5 18 17 16 21 20 19 29 28 30 12 10 11 23 42 24 22 0
tc2c40s5ct3.xml	300	439.91	8.06	0.0%	OK	0 17 16 14 18 13 15 33 34 36 31 35 32 10 9 7 12 8 11 5 2 6 1 3 4 26 30 27 28 25 29 40 38 20 21 19 24 23 22 37 39 0	0 17 16 14 18 13 15 33 34 36 31 35 32 10 9 7 12 8 11 5 2 6 1 3 4 26 30 42 27 28 25 29 40 38 20 21 19 24 23 22 37 39 0
tc2c40s8cf2.xml	300	483.18	10.66	0.0%	OK	0 22 24 23 11 10 12 30 28 29 19 20 21 16 17 18 5 4 6 36 34 35 40 25 27 26 8 7 9 33 32 31 38 39 37 3 1 2 15 14 13 0	0 22 24 23 11 10 12 30 28 29 19 20 21 16 17 18 5 4 6 36 34 35 47 40 25 27 26 8 7 9 33 32 31 38 39 37 3 1 2 15 14 13 0
tc2c40s8cf3.xml	300	450.98	1000.05	1.1%	OK	0 17 15 16 13 18 14 22 23 24 19 21 20 38 37 39 40 29 25 30 28 27 26 4 3 1 6 2 5 11 8 12 7 9 10 32 31 35 33 34 36 0	0 17 15 16 13 18 14 22 23 24 19 21 20 38 37 39 40 42 29 25 30 28 27 26 4 3 1 6 2 5 11 8 12 7 9 10 32 31 35 33 34 36 0
tc2c40s8ct2.xml	300	477.85	7.31	0.0%	OK	0 22 24 23 11 10 12 30 28 29 19 20 21 16 17 18 5 4 6 36 34 35 40 25 27 26 8 7 9 33 32 31 38 39 37 3 1 2 15 14 13 0	0 22 24 42 23 11 10 48 12 30 28 29 19 20 21 16 17 18 5 4 6 36 34 35 40 25 27 26 8 7 9 33 46 32 31 38 39 37 3 1 2 15 14 13 0
tc2c40s8ct3.xml	300	439.91	5.10	0.0%	OK	0 17 16 14 18 13 15 33 34 36 31 35 32 10 9 7 12 8 11 5 2 6 1 3 4 26 30 27 28 25 29 40 38 20 21 19 24 23 22 37 39 0	0 17 16 14 18 13 15 33 34 36 31 35 32 10 9 7 12 8 11 5 2 6 1 3 4 26 30 42 27 28 25 29 40 38 20 21 19 24 23 22 37 39 0
|Ω|=1 B=200
tc0c10s2cf1.xml	200	362.37	0.13	0.0%	OK	0 8 7 2 5 9 4 3 1 6 10 0	0 8 7 2 5 9 4 12 3 1 6 10 0
tc0c10s2ct1.xml	200	363.13	0.06	0.0%	OK	0 2 5 9 4 3 1 6 10 8 7 0	0 2 5 9 4 13 3 1 6 10 8 7 0
tc0c10s3cf1.xml	200	362.37	0.10	0.0%	OK	0 8 7 2 5 9 4 3 1 6 10 0	0 8 7 2 5 9 4 12 3 1 6 10 0
tc0c10s3ct1.xml	200	363.13	0.07	0.0%	OK	0 7 8 10 6 1 3 4 9 5 2 0	0 7 8 10 6 1 3 13 4 9 5 2 0
tc1c10s2cf2.xml	200	273.09	0.15	0.0%	OK	0 10 6 4 3 5 1 2 9 7 8 0	0 10 6 4 3 5 1 2 12 9 7 8 0
tc1c10s2cf3.xml	200	354.46	0.42	0.0%	OK	0 10 9 4 8 2 3 6 7 5 1 0	0 10 9 4 8 2 3 12 6 7 5 1 13 0
tc1c10s2cf4.xml	200	391.39	0.12	0.0%	OK	0 6 4 1 2 8 10 3 9 5 7 0	0 6 13 4 1 2 8 10 12 3 9 5 7 0
tc1c10s2ct2.xml	200	271.76	0.08	0.0%	OK	0 8 9 7 2 1 5 3 4 6 10 0	0 8 9 7 2 1 5 3 4 12 6 10 0
tc1c10s2ct3.xml	200	334.36	0.21	0.0%	OK	0 10 9 4 8 2 3 6 7 5 1 0	0 12 10 9 4 8 2 3 6 7 5 13 1 0
tc1c10s2ct4.xml	200	390.05	0.13	0.0%	OK	0 6 4 1 2 8 10 7 3 9 5 0	0 6 4 13 1 2 8 10 7 12 3 9 5 0
tc1c10s3cf2.xml	200	273.09	0.16	0.0%	OK	0 10 6 4 3 5 1 2 9 7 8 0	0 10 6 4 3 5 1 2 12 9 7 8 0
tc1c10s3cf3.xml	200	352.29	0.35	0.0%	OK	0 1 5 7 6 3 2 8 4 9 10 0	0 14 1 5 7 6 12 3 2 8 4 9 10 0
tc1c10s3cf4.xml	200	391.39	0.13	0.0%	OK	0 6 4 1 2 8 10 3 9 5 7 0	0 6 13 4 1 2 8 10 12 3 9 5 7 0
tc1c10s3ct2.xml	200	271.76	0.20	0.0%	OK	0 8 9 7 2 1 5 3 4 6 10 0	0 8 9 7 2 1 5 3 4 12 6 10 0
tc1c10s3ct3.xml	200	327.89	0.24	0.0%	OK	0 10 9 4 8 2 3 6 7 5 1 0	0 10 13 9 4 8 2 3 6 7 5 14 1 0
tc1c10s3ct4.xml	200	389.61	0.14	0.0%	OK	0 5 9 3 7 10 8 2 1 4 6 0	0 5 9 3 14 7 10 8 2 1 13 4 6 0
tc2c10s2cf0.xml	200	278.52	0.20	0.0%	OK	0 4 3 1 2 7 5 6 8 10 9 0	0 4 3 1 2 7 5 6 8 13 10 9 0
tc2c10s2ct0.xml	200	275.87	0.09	0.0%	OK	0 9 10 8 6 5 7 2 1 3 4 0	0 9 10 13 8 6 5 7 2 1 3 4 0
tc2c10s3cf0.xml	200	278.52	0.29	0.0%	OK	0 4 3 1 2 7 5 6 8 10 9 0	0 4 3 1 2 7 5 6 8 13 10 9 0
tc2c10s3ct0.xml	200	275.53	0.07	0.0%	OK	0 4 3 1 2 7 5 6 8 10 9 0	0 4 3 1 2 7 5 6 8 13 10 9 0
tc0c20s3cf2.xml	200	470.05	31.22	0.0%	OK	0 7 3 15 5 4 20 12 9 18 2 17 13 16 11 14 8 6 10 1 19 0	0 7 3 15 5 22 4 20 12 9 18 2 17 13 16 11 24 14 8 6 10 1 19 0
tc0c20s3ct2.xml	200	436.64	4.12	0.0%	OK	0 19 1 10 6 8 14 11 16 13 17 2 18 9 12 20 4 5 15 3 7 0	0 19 1 10 6 8 14 11 24 16 13 17 2 18 9 12 20 4 22 5 15 3 7 0
tc0c20s4cf2.xml	200	470.05	28.06	0.0%	OK	0 7 3 15 5 4 20 12 9 18 2 17 13 16 11 14 8 6 10 1 19 0	0 7 3 15 5 22 4 20 12 9 18 2 17 13 16 11 24 14 8 6 10 1 19 0
tc0c20s4ct2.xml	200	433.27	5.65	0.0%	OK	0 19 1 10 6 8 14 11 16 13 17 2 18 9 12 20 4 5 15 3 7 0	0 19 1 10 6 8 14 11 24 16 13 17 2 18 9 12 20 4 5 25 15 3 7 0
tc1c20s3cf1.xml	200	383.83	3.48	0.0%	OK	0 12 13 16 18 14 9 10 19 7 6 5 8 20 17 15 11 4 1 3 2 0	0 12 13 16 18 14 9 10 24 19 7 6 5 8 20 17 15 11 4 1 3 2 0
tc1c20s3cf3.xml	200	394.95	15.63	0.0%	OK	0 9 10 2 1 4 12 3 14 20 17 6 5 7 11 16 8 18 19 15 13 0	0 9 10 24 2 1 4 12 3 14 20 17 6 5 7 11 16 22 8 18 19 15 13 0
tc1c20s3cf4.xml	200	484.25	1.18	0.0%	OK	0 20 12 15 2 5 4 6 1 3 19 13 18 11 14 17 16 9 7 10 8 0	0 20 12 24 15 2 5 4 6 1 3 19 13 18 11 22 14 17 16 9 7 10 8 0
tc1c20s3ct1.xml	200	437.59	12.38	0.0%	OK	0 12 13 16 18 14 6 5 8 20 7 9 10 2 3 19 17 15 11 4 1 0	0 12 13 16 22 18 14 6 5 8 20 7 9 10 2 3 24 19 17 15 11 4 1 0
tc1c20s3ct3.xml	200	367.64	0.64	0.0%	OK	0 9 10 2 1 4 12 3 14 20 17 6 18 5 7 11 16 8 19 15 13 0	0 9 10 2 1 24 4 12 3 14 20 17 6 18 5 7 11 16 8 23 19 15 13 0
tc1c20s3ct4.xml	200	483.10	1.72	0.0%	OK	0 8 10 7 9 16 17 14 11 18 13 15 2 5 4 6 1 3 19 12 20 0	0 8 10 7 9 16 17 14 22 11 18 13 15 2 5 4 24 6 1 3 19 12 20 0
tc1c20s4cf1.xml	200	383.83	1.14	0.0%	OK	0 2 3 1 4 11 15 17 20 8 5 6 7 19 10 9 14 18 16 13 12 0	0 2 3 1 4 11 15 17 20 8 5 6 7 19 24 10 9 14 18 16 13 12 0
tc1c20s4cf3.xml	200	394.95	11.42	0.0%	OK	0 13 15 19 18 8 16 11 7 5 6 17 20 14 3 12 4 1 2 10 9 0	0 13 15 19 18 8 22 16 11 7 5 6 17 20 14 3 12 4 1 2 24 10 9 0
tc1c20s4cf4.xml	200	484.25	2.05	0.0%	OK	0 20 12 15 2 5 4 6 1 3 19 13 18 11 14 17 16 9 7 10 8 0	0 20 12 24 15 2 5 4 6 1 3 19 13 18 11 22 14 17 16 9 7 10 8 0
tc1c20s4ct1.xml	200	402.98	7.58	0.0%	OK	0 12 13 16 18 14 9 10 2 3 19 7 6 5 8 20 17 15 11 4 1 0	0 12 13 25 16 18 14 9 10 2 3 24 19 7 6 5 8 20 17 15 11 4 1 0
tc1c20s4ct3.xml	200	395.09	11.23	0.0%	OK	0 9 10 2 1 4 12 3 14 20 17 6 5 7 11 16 8 18 19 15 13 0	0 9 10 2 1 24 4 12 3 14 20 17 6 5 7 11 16 22 8 18 19 15 13 0
tc1c20s4ct4.xml	200	482.75	1.23	0.0%	OK	0 20 12 19 3 1 6 4 5 2 15 13 18 11 14 17 16 9 7 10 8 0	0 20 12 19 3 1 6 24 4 5 2 15 13 18 25 11 14 17 16 9 7 10 8 0
tc2c20s3cf0.xml	200	368.89	0.67	0.0%	OK	0 20 19 3 1 2 11 12 10 15 13 14 6 4 5 7 9 8 16 18 17 0	0 20 19 3 1 2 11 12 10 15 13 14 23 6 4 5 7 9 8 16 18 17 0
tc2c20s3ct0.xml	200	362.95	0.33	0.0%	OK	0 17 18 16 8 9 7 5 4 6 14 13 15 10 12 11 2 1 3 19 20 0	0 17 18 16 8 9 7 5 4 6 14 13 23 15 10 12 11 2 1 3 19 20 0
tc2c20s4cf0.xml	200	368.89	1.87	0.0%	OK	0 17 18 16 8 9 7 5 4 6 14 13 15 10 12 11 2 1 3 19 20 0	0 17 18 16 8 9 7 5 4 6 23 14 13 15 10 12 11 2 1 3 19 20 0
tc2c20s4ct0.xml	200	362.95	0.37	0.0%	OK	0 20 19 3 1 2 11 12 10 15 13 14 6 4 5 7 9 8 16 18 17 0	0 20 19 3 1 2 11 12 10 15 23 13 14 6 4 5 7 9 8 16 18 17 0
tc0c40s5cf0.xml	200	678.73	1000.60	4.9%	OK	0 25 18 28 27 14 24 32 1 39 15 37 7 31 29 17 11 22 21 2 5 12 33 4 38 16 40 3 35 30 10 34 20 13 26 19 36 8 6 23 9 0	0 25 18 28 27 14 24 32 1 39 43 15 37 7 31 29 17 11 42 22 21 2 5 12 33 4 38 16 40 3 35 30 45 10 34 20 13 26 19 36 8 6 23 9 0
tc0c40s5cf4.xml	200	640.64	11.02	0.0%	OK	0 4 18 29 24 23 19 5 13 40 26 34 6 22 25 37 3 33 31 15 17 39 30 14 12 7 2 27 36 8 20 38 1 28 16 35 10 21 32 11 9 0	0 4 18 29 24 23 19 5 13 40 26 42 34 6 22 25 37 3 33 31 15 17 39 46 30 14 12 7 2 27 36 8 20 45 38 1 28 16 35 10 21 32 11 9 0
tc0c40s5ct0.xml	200	644.81	39.88	0.0%	OK	0 25 1 32 24 14 27 28 18 9 23 6 8 36 19 26 13 20 34 10 35 3 30 40 16 12 5 2 21 22 33 4 38 11 29 31 7 37 15 39 17 0	0 25 1 32 24 14 27 28 18 9 23 6 8 44 36 19 26 13 20 34 10 45 35 3 30 40 16 12 5 2 21 22 33 42 4 38 11 29 31 46 7 37 15 39 17 0
tc0c40s5ct4.xml	200	632.18	15.44	0.0%	OK	0 4 18 29 24 23 19 5 13 40 26 12 7 14 2 27 30 39 36 17 6 34 22 25 37 3 33 31 15 8 38 1 20 28 16 35 10 21 32 11 9 0	0 4 18 29 24 23 19 5 13 40 26 42 12 7 14 2 27 30 39 46 36 17 6 34 22 25 37 3 33 31 15 8 44 38 1 20 28 16 35 10 21 32 11 9 0
tc0c40s8cf0.xml	200	674.50	1000.83	3.1%	OK	0 18 28 27 14 24 32 1 25 39 15 37 7 31 29 17 11 22 21 2 5 12 33 4 38 16 40 3 35 30 10 34 20 13 26 19 36 8 6 23 9 0	0 18 28 27 14 24 32 1 25 47 39 15 37 7 31 29 17 11 49 22 21 2 5 12 33 4 38 16 40 3 35 30 45 10 34 20 13 26 19 36 8 6 23 9 0
tc0c40s8cf4.xml	200	623.45	13.85	0.0%	OK	0 4 18 29 23 19 5 13 40 26 12 7 14 2 27 30 39 34 6 22 25 37 3 33 31 15 17 36 8 20 38 1 28 16 35 10 21 32 11 9 24 0	0 4 18 29 23 19 5 13 40 26 12 7 49 14 2 27 30 39 46 34 6 22 25 37 3 33 31 15 17 36 8 20 45 38 1 28 16 35 10 21 32 48 11 9 24 0
tc0c40s8ct0.xml	200	617.00	5.61	0.0%	OK	0 25 1 32 24 14 27 28 18 9 23 6 8 36 19 26 13 20 34 10 35 3 30 40 16 12 5 2 21 22 33 4 38 11 29 31 7 37 15 39 17 0	0 25 1 32 24 14 27 28 18 9 23 6 48 8 36 19 26 13 20 34 10 45 35 3 30 40 16 12 5 2 21 22 33 4 49 38 11 29 31 46 7 37 15 39 17 0
tc0c40s8ct4.xml	200	637.88	19.78	0.0%	OK	0 24 9 11 32 21 10 35 16 28 20 1 38 8 15 31 33 3 37 25 22 34 6 17 36 39 30 27 2 7 14 12 26 40 13 5 19 23 29 18 4 0	0 24 9 11 32 21 10 35 16 28 20 1 38 44 8 15 31 33 3 37 25 22 34 6 17 36 46 39 30 27 2 7 49 14 12 26 40 13 5 19 23 29 18 4 0
tc1c40s5cf1.xml	200	673.52	1000.41	3.4%	OK	0 18 17 16 38 30 29 35 9 8 7 10 11 12 34 39 28 33 25 14 15 13 40 27 2 3 1 26 24 6 5 4 22 20 19 32 37 21 36 31 23 0	0 18 17 16 38 30 29 35 9 8 7 46 10 11 12 34 39 28 33 25 14 15 13 40 27 2 3 1 46 26 24 6 5 4 22 20 19 32 37 43 21 36 31 23 0
tc1c40s5ct1.xml	200	661.58	18.05	0.0%	OK	0 18 17 16 38 30 29 35 9 8 7 26 24 1 3 2 27 40 13 15 14 25 33 28 39 34 12 11 10 6 5 4 22 20 19 32 37 21 36 31 23 0	0 18 17 16 38 30 29 35 9 8 7 26 24 46 1 3 2 27 40 13 15 14 25 33 28 39 34 12 11 10 46 6 5 4 22 20 19 32 37 43 21 36 31 23 0
tc1c40s8cf1.xml	200	647.67	40.42	0.0%	OK	0 23 31 36 20 19 22 32 37 21 15 13 14 25 33 28 39 34 12 10 11 1 3 2 40 27 4 5 6 24 26 7 8 9 35 29 30 38 16 17 18 0	0 23 31 36 20 19 22 32 37 43 21 44 15 13 14 25 33 28 39 34 12 10 11 1 3 2 40 27 47 4 5 6 24 26 7 8 9 35 29 30 45 38 16 17 18 0
tc1c40s8ct1.xml	200	638.44	11.83	0.0%	OK	0 18 17 16 38 30 29 35 9 8 7 26 24 10 11 12 34 39 28 33 25 14 15 13 40 27 2 3 1 6 5 4 22 20 19 32 37 21 36 31 23 0	0 18 17 16 38 30 29 35 49 9 8 7 26 24 46 10 11 12 34 39 28 33 25 14 15 13 40 27 2 3 1 47 6 5 4 22 20 48 19 32 37 21 36 31 23 0
tc2c40s5cf2.xml	200	509.91	1000.28	1.8%	OK	0 13 14 15 2 1 3 37 39 38 7 8 9 33 31 32 26 27 25 40 19 20 21 35 34 36 6 4 5 18 17 16 29 28 30 12 10 11 23 24 22 0	0 13 14 15 2 1 3 37 39 38 7 8 9 33 31 32 46 26 27 25 40 44 19 20 21 35 34 36 6 4 5 18 17 16 29 28 30 45 12 10 11 23 24 22 0
tc2c40s5cf3.xml	200	462.01	1000.83	0.8%	OK	0 17 16 14 18 13 15 33 34 36 31 35 32 10 9 7 12 8 11 5 2 6 1 3 4 26 27 28 30 25 29 40 38 20 21 19 24 23 22 37 39 0	0 17 16 14 18 13 15 44 33 34 36 31 35 32 10 9 7 12 8 11 5 2 6 1 3 4 26 27 28 30 25 29 42 40 38 20 21 19 24 23 22 37 39 0
tc2c40s5ct2.xml	200	477.88	13.98	0.0%	OK	0 22 24 23 11 10 12 30 28 29 19 20 21 16 17 18 5 4 6 36 34 35 40 25 27 26 8 7 9 33 32 31 38 39 37 3 1 2 15 14 13 0	0 22 24 42 23 11 10 12 30 28 29 19 44 20 21 16 17 18 5 4 6 36 34 35 40 25 27 26 8 7 9 33 46 32 31 38 39 37 3 1 2 15 14 13 0
tc2c40s5ct3.xml	200	450.73	64.51	0.0%	OK	0 17 15 16 13 18 14 22 23 24 19 21 20 38 37 39 40 29 25 28 27 30 26 4 3 1 6 2 5 11 8 12 7 9 10 32 31 35 33 34 36 0	0 17 15 16 45 13 18 14 22 23 24 19 21 20 38 37 39 40 29 25 28 27 42 30 26 4 3 1 6 2 5 11 8 12 7 9 10 32 31 35 33 34 36 0
tc2c40s8cf2.xml	200	502.36	154.38	0.0%	OK	0 22 24 23 11 10 12 30 28 29 19 20 21 16 17 18 5 4 6 36 34 35 40 25 27 26 32 31 33 9 8 7 38 39 37 3 1 2 15 14 13 0	0 22 24 23 11 10 12 45 30 28 29 19 20 21 16 17 18 5 4 6 36 34 35 47 40 25 27 26 46 32 31 33 9 8 7 38 39 37 3 1 2 15 14 13 0
tc2c40s8cf3.xml	200	462.01	1000.28	1.7%	OK	0 39 37 22 23 24 19 21 20 38 40 29 25 30 28 27 26 4 3 1 6 2 5 11 8 12 7 9 10 32 35 31 36 34 33 15 13 18 14 16 17 0	0 39 37 22 23 24 19 21 20 38 40 42 29 25 30 28 27 26 4 3 1 6 2 5 11 8 12 7 9 10 32 35 31 36 34 33 44 15 13 18 14 16 17 0
tc2c40s8ct2.xml	200	477.88	6.37	0.0%	OK	0 22 24 23 11 10 12 30 28 29 19 20 21 16 17 18 5 4 6 36 34 35 40 25 27 26 8 7 9 33 32 31 38 39 37 3 1 2 15 14 13 0	0 22 24 23 11 10 48 12 30 28 29 19 44 20 21 16 17 18 5 4 6 36 34 35 40 25 27 26 8 7 9 33 46 32 31 38 39 37 3 1 2 15 14 13 0
tc2c40s8ct3.xml	200	441.44	12.29	0.0%	OK	0 17 16 14 18 13 15 33 34 36 31 35 32 10 9 7 12 8 11 5 2 6 1 3 4 26 27 28 30 25 29 40 38 20 21 19 24 23 22 37 39 0	0 17 16 45 14 18 13 15 33 34 36 31 35 32 10 9 7 12 8 47 11 5 2 6 1 3 4 26 27 28 30 25 29 40 38 20 21 19 24 23 22 37 39 0

|Ω|=1 B=100
tc0c10s2cf1.xml	100	INF	0.00	INF	INF	INF	INF
tc0c10s2ct1.xml	100	INF	0.03	INF	INF	INF	INF
tc0c10s3cf1.xml	100	INF	0.00	INF	INF	INF	INF
tc0c10s3ct1.xml	100	381.90	0.08	0.0%	OK	0 7 8 6 10 1 3 4 9 5 2 0	0 7 8 12 6 10 12 1 3 13 4 9 14 5 2 0
tc1c10s2cf2.xml	100	INF	0.00	INF	INF	INF	INF
tc1c10s2cf3.xml	100	INF	0.05	INF	INF	INF	INF
tc1c10s2cf4.xml	100	INF	0.00	INF	INF	INF	INF
tc1c10s2ct2.xml	100	317.45	0.25	0.0%	OK	0 8 7 9 2 1 5 3 4 6 10 0	0 8 13 7 9 12 2 1 5 3 4 13 6 10 0
tc1c10s2ct3.xml	100	495.88	0.24	0.0%	OK	0 4 9 3 8 2 1 5 7 6 10 0	0 12 4 9 12 3 8 2 12 1 13 5 7 6 12 10 0
tc1c10s2ct4.xml	100	INF	0.00	INF	INF	INF	INF
tc1c10s3cf2.xml	100	INF	0.00	INF	INF	INF	INF
tc1c10s3cf3.xml	100	INF	0.05	INF	INF	INF	INF
tc1c10s3cf4.xml	100	INF	0.00	INF	INF	INF	INF
tc1c10s3ct2.xml	100	305.49	0.09	0.0%	OK	0 10 6 4 3 5 1 2 9 7 8 0	0 10 6 13 4 3 5 1 2 14 9 7 13 8 0
tc1c10s3ct3.xml	100	365.45	0.16	0.0%	OK	0 10 9 4 8 2 3 6 7 5 1 0	0 10 13 9 4 8 2 3 13 6 7 5 14 1 12 0
tc1c10s3ct4.xml	100	INF	0.00	INF	INF	INF	INF
tc2c10s2cf0.xml	100	INF	0.00	INF	INF	INF	INF
tc2c10s2ct0.xml	100	289.61	0.17	0.0%	OK	0 4 3 1 2 8 6 5 7 9 10 0	0 4 3 1 2 13 8 6 5 7 13 12 9 10 0
tc2c10s3cf0.xml	100	INF	0.00	INF	INF	INF	INF
tc2c10s3ct0.xml	100	285.53	0.19	0.0%	OK	0 9 10 4 3 1 2 7 5 6 8 0	0 12 9 10 14 4 3 1 2 7 5 6 8 14 0
tc0c20s3cf2.xml	100	INF	0.71	INF	INF	INF	INF
tc0c20s3ct2.xml	100	577.32	1.75	0.0%	OK	0 15 5 4 3 7 19 1 10 14 11 16 13 17 2 20 12 18 9 8 6 0	0 15 22 5 4 22 3 7 23 19 23 1 10 14 11 24 16 24 13 17 2 20 12 18 24 9 8 6 0
tc0c20s4cf2.xml	100	INF	0.66	INF	INF	INF	INF
tc0c20s4ct2.xml	100	563.54	1.06	0.0%	OK	0 6 8 9 18 12 20 2 17 13 16 11 14 10 1 19 15 5 4 3 7 0	0 6 8 9 24 18 12 20 2 17 13 24 16 24 11 14 10 1 23 19 15 25 5 4 22 3 7 0
tc1c20s3cf1.xml	100	INF	0.28	INF	INF	INF	INF
tc1c20s3cf3.xml	100	565.83	61.33	0.0%	OK	0 13 15 19 11 16 8 7 5 18 6 17 2 4 12 1 3 14 20 10 9 0	0 13 23 15 19 22 11 16 22 8 7 5 18 6 17 23 2 4 12 24 1 3 14 20 24 10 9 0
tc1c20s3cf4.xml	100	INF	0.90	INF	INF	INF	INF
tc1c20s3ct1.xml	100	INF	0.68	INF	INF	INF	INF
tc1c20s3ct3.xml	100	INF	0.02	INF	INF	INF	INF
tc1c20s3ct4.xml	100	INF	0.02	INF	INF	INF	INF
tc1c20s4cf1.xml	100	643.93	18.01	0.0%	OK	0 12 13 16 18 19 20 10 9 14 6 8 5 7 17 15 11 4 3 2 1 0	0 12 13 25 16 22 18 22 25 24 19 20 24 10 9 14 6 8 5 7 24 17 15 11 4 3 2 1 23 0
tc1c20s4cf3.xml	100	565.83	58.73	0.0%	OK	0 13 15 19 16 11 8 7 5 18 6 17 2 4 12 20 14 3 1 10 9 0	0 13 23 15 19 22 16 11 22 8 7 5 18 6 17 23 2 4 12 24 20 14 3 1 24 10 9 0
tc1c20s4cf4.xml	100	INF	2.75	INF	INF	INF	INF
tc1c20s4ct1.xml	100	INF	13.47	INF	INF	INF	INF
tc1c20s4ct3.xml	100	507.71	22.94	0.0%	OK	0 9 10 2 1 12 4 3 14 20 15 19 16 11 8 7 5 18 6 17 13 0	0 9 10 2 1 12 4 24 3 14 20 23 15 19 22 16 11 22 8 7 5 18 6 17 23 13 0
tc1c20s4ct4.xml	100	INF	0.04	INF	INF	INF	INF
tc2c20s3cf0.xml	100	473.21	25.44	0.0%	OK	0 17 18 16 10 12 15 14 8 7 9 5 4 6 13 11 2 1 3 19 20 0	0 17 18 16 23 10 12 15 14 23 8 7 9 23 5 4 6 23 13 11 2 1 3 24 19 20 0
tc2c20s3ct0.xml	100	INF	23.88	INF	INF	INF	INF
tc2c20s4cf0.xml	100	441.73	4.52	0.0%	OK	0 20 19 3 1 2 11 12 10 15 13 14 8 7 9 5 4 6 16 18 17 0	0 20 19 25 3 1 2 11 12 10 15 13 14 23 8 7 9 23 5 4 6 23 16 18 17 0
tc2c20s4ct0.xml	100	INF	91.35	INF	INF	INF	INF
tc0c40s5cf0.xml	100	INF	1.29	INF	INF	INF	INF
tc0c40s5cf4.xml	100	INF	6.47	INF	INF	INF	INF
tc0c40s5ct0.xml	100	INF	1.57	INF	INF	INF	INF
tc0c40s5ct4.xml	100	INF	4.55	INF	INF	INF	INF
tc0c40s8cf0.xml	100	1065.79	351.95	0.0%	OK	0 18 9 6 23 36 8 26 19 13 20 34 10 3 35 30 12 40 16 38 2 5 33 4 21 22 11 29 31 7 37 15 39 17 25 28 27 14 1 24 32 0	0 18 9 48 6 23 36 8 45 26 19 45 13 20 34 10 45 3 35 45 30 12 40 16 38 42 2 5 33 4 42 21 22 49 11 29 31 7 37 15 43 39 17 47 25 28 27 14 47 1 24 32 47 0
tc0c40s8cf4.xml	100	864.07	243.16	0.0%	OK	0 24 23 19 5 7 14 12 13 40 26 37 3 34 22 25 31 15 33 8 38 1 20 28 16 35 10 21 36 17 6 39 30 27 2 18 29 4 32 11 9 0	0 24 23 19 5 7 49 14 12 13 40 26 42 43 37 3 43 34 22 25 31 15 44 33 44 8 38 1 20 45 28 16 35 10 47 21 36 17 6 46 39 30 27 2 18 29 4 32 48 11 9 0
tc0c40s8ct0.xml	100	807.01	576.32	0.0%	OK	0 18 9 23 6 36 19 8 13 26 20 34 10 30 35 3 12 40 16 38 4 33 5 2 21 22 31 7 37 29 11 17 15 39 32 24 25 1 14 27 28 0	0 18 9 23 6 48 36 19 48 8 13 26 20 34 10 45 30 35 3 12 40 16 38 49 4 42 33 5 2 21 22 44 31 46 7 37 29 11 17 43 15 39 47 32 24 25 47 1 14 27 28 0
tc0c40s8ct4.xml	100	inf	1000.10	inf%	no solution (limit)	inf	inf
tc1c40s5cf1.xml	100	1049.95	509.80	0.0%	OK	0 18 17 16 38 30 5 4 6 24 34 39 28 25 15 21 32 37 14 33 13 27 40 2 3 1 12 11 10 7 9 8 26 35 29 22 20 19 36 31 23 0	0 18 17 16 38 45 30 5 4 6 24 46 34 39 28 44 25 15 44 21 43 32 37 44 14 33 13 44 27 40 2 3 1 12 11 10 46 7 9 8 46 26 35 29 45 22 42 20 19 36 31 23 0
tc1c40s5ct1.xml	100	INF	0.05	INF	INF	INF	INF
tc1c40s8cf1.xml	100	865.51	140.32	0.0%	OK	0 23 31 36 20 19 22 32 21 37 15 25 14 33 13 28 39 34 10 11 12 1 3 2 40 27 4 5 6 24 26 7 9 8 29 35 30 38 16 17 18 0	0 23 31 36 20 19 48 22 32 43 21 37 44 15 25 44 14 33 13 44 28 39 34 46 10 11 12 1 3 2 40 27 47 4 5 6 24 26 7 9 8 49 29 35 30 45 38 16 17 18 0
tc1c40s8ct1.xml	100	INF	0.05	INF	INF	INF	INF
tc2c40s5cf2.xml	100	654.82	785.53	0.0%	OK	0 13 14 15 2 1 3 7 8 9 33 32 37 39 38 31 26 27 25 40 34 36 35 19 20 21 6 4 5 18 17 16 29 28 30 12 10 11 23 24 22 0	0 13 14 15 2 1 3 43 7 8 9 33 32 46 37 39 38 31 46 26 27 25 40 44 34 36 35 44 19 20 21 6 4 5 18 17 16 29 28 30 45 12 10 11 23 24 22 42 0
tc2c40s5cf3.xml	100	inf	1000.03	inf%	no solution (limit)	inf	inf
tc2c40s5ct2.xml	100	618.03	426.33	0.0%	OK	0 13 14 15 2 1 3 33 32 31 38 39 37 9 8 7 30 28 29 21 20 40 25 27 26 19 5 4 6 36 34 35 16 17 18 12 10 11 23 24 22 0	0 13 14 43 15 2 1 3 33 46 32 31 38 39 37 9 8 7 45 30 28 29 21 20 44 40 25 27 26 19 44 5 4 6 36 34 35 44 16 17 18 12 10 11 23 42 24 22 0
tc2c40s5ct3.xml	100	inf	1000.04	inf%	no solution (limit)	inf	inf
tc2c40s8cf2.xml	100	572.21	1000.09	0.4%	OK	0 13 14 15 2 3 1 37 39 38 31 32 33 9 8 7 30 28 29 21 20 19 26 27 25 40 35 34 36 6 4 5 18 17 16 22 24 23 11 10 12 0	0 13 14 15 2 3 1 49 37 39 38 31 46 32 33 9 8 7 45 30 28 29 21 20 19 44 26 27 25 40 47 35 34 36 6 4 5 18 17 16 48 22 24 23 11 10 12 0
tc2c40s8cf3.xml	100	inf	1000.04	inf%	no solution (limit)	inf	inf
tc2c40s8ct2.xml	100	507.04	4.79	0.0%	OK	0 22 24 23 11 10 12 30 28 29 16 17 18 5 4 6 36 34 35 40 25 27 26 19 20 21 7 8 9 33 32 31 38 39 37 3 1 2 15 14 13 0	0 22 24 42 23 11 10 48 12 30 45 28 29 16 17 18 5 4 6 36 34 35 47 40 25 27 26 19 44 20 21 7 8 9 33 46 32 31 38 39 37 3 49 1 2 15 14 13 0
tc2c40s8ct3.xml	100	inf	1000.05	inf%	no solution (limit)	inf	inf




