tc0c10s2cf1.xml	360.93	0.20	0.0%	0 2 5 9 4 3 1 6 10 8 7 0
tc0c10s2ct1.xml	363.13	0.21	0.0%	0 2 5 9 4 3 1 6 10 8 7 0
tc0c10s3cf1.xml	360.93	0.20	0.0%	0 2 5 9 4 3 1 6 10 8 7 0
tc0c10s3ct1.xml	363.13	0.22	0.0%	0 7 8 10 6 1 3 4 9 5 2 0
tc1c10s2cf2.xml	270.98	0.08	0.0%	0 10 6 4 3 5 1 2 7 9 8 0
tc1c10s2cf3.xml	318.70	0.11	0.0%	0 10 9 4 8 2 3 6 7 5 1 0
tc1c10s2cf4.xml	386.66	0.07	0.0%	0 6 4 1 2 8 10 3 9 5 7 0
tc1c10s2ct2.xml	270.98	0.08	0.0%	0 10 6 4 3 5 1 2 7 9 8 0
tc1c10s2ct3.xml	315.48	0.06	0.0%	0 10 9 4 8 2 3 6 7 5 1 0
tc1c10s2ct4.xml	383.80	0.02	0.0%	0 6 4 1 2 8 10 3 9 5 7 0
tc1c10s3cf2.xml	270.98	0.08	0.0%	0 10 6 4 3 5 1 2 7 9 8 0
tc1c10s3cf3.xml	316.53	0.09	0.0%	0 1 5 7 6 3 2 8 4 9 10 0
tc1c10s3cf4.xml	386.66	0.07	0.0%	0 6 4 1 2 8 10 3 9 5 7 0
tc1c10s3ct2.xml	270.98	0.08	0.0%	0 10 6 4 3 5 1 2 7 9 8 0
tc1c10s3ct3.xml	315.48	0.06	0.0%	0 10 9 4 8 2 3 6 7 5 1 0
tc1c10s3ct4.xml	383.80	0.03	0.0%	0 6 4 1 2 8 10 3 9 5 7 0
tc2c10s2cf0.xml	272.70	0.02	0.0%	0 4 3 1 2 7 5 6 8 10 9 0
tc2c10s2ct0.xml	272.70	0.02	0.0%	0 4 3 1 2 7 5 6 8 10 9 0
tc2c10s3cf0.xml	272.70	0.02	0.0%	0 4 3 1 2 7 5 6 8 10 9 0
tc2c10s3ct0.xml	272.70	0.02	0.0%	0 4 3 1 2 7 5 6 8 10 9 0
tc0c20s3cf2.xml	437.81	14.09	0.0%	0 7 6 8 3 15 5 4 20 12 9 18 2 17 13 16 11 14 10 1 19 0
tc0c20s3ct2.xml	433.27	1.52	0.0%	0 7 3 15 5 4 20 12 9 18 2 17 13 16 11 14 8 6 10 1 19 0
tc0c20s4cf2.xml	437.81	14.17	0.0%	0 19 1 10 14 11 16 13 17 2 18 9 12 20 4 5 15 3 8 6 7 0
tc0c20s4ct2.xml	430.43	0.49	0.0%	0 7 15 5 4 3 6 8 9 18 12 20 2 17 13 16 11 14 10 1 19 0
tc1c20s3cf1.xml	378.25	29.74	0.0%	0 12 13 16 18 14 6 5 8 20 7 9 10 19 17 15 11 4 1 3 2 0
tc1c20s3cf3.xml	367.85	3.69	0.0%	0 13 15 19 18 8 16 11 7 5 6 17 20 14 3 12 4 1 2 10 9 0
tc1c20s3cf4.xml	446.23	0.30	0.0%	0 19 3 1 6 4 5 2 15 13 18 11 14 17 16 10 8 7 9 20 12 0
tc1c20s3ct1.xml	397.03	1001.96	3.4%	0 12 13 16 18 14 6 5 8 20 7 9 10 2 3 19 17 15 11 4 1 0
tc1c20s3ct3.xml	364.17	0.47	0.0%	0 9 10 2 1 4 12 3 14 20 17 6 5 7 11 16 8 18 19 15 13 0
tc1c20s3ct4.xml	446.58	0.52	0.0%	0 19 3 1 6 4 5 2 15 13 18 11 14 17 16 10 8 7 9 20 12 0
tc1c20s4cf1.xml	378.25	30.07	0.0%	0 12 13 16 18 14 6 5 8 20 7 9 10 19 17 15 11 4 1 3 2 0
tc1c20s4cf3.xml	367.85	3.79	0.0%	0 13 15 19 18 8 16 11 7 5 6 17 20 14 3 12 4 1 2 10 9 0
tc1c20s4cf4.xml	446.23	0.29	0.0%	0 19 3 1 6 4 5 2 15 13 18 11 14 17 16 10 8 7 9 20 12 0
tc1c20s4ct1.xml	369.65	2.22	0.0%	0 12 13 16 18 14 6 5 8 20 7 9 10 19 17 15 11 4 1 3 2 0
tc1c20s4ct3.xml	364.17	0.48	0.0%	0 9 10 2 1 4 12 3 14 20 17 6 5 7 11 16 8 18 19 15 13 0
tc1c20s4ct4.xml	446.23	0.31	0.0%	0 19 3 1 6 4 5 2 15 13 18 11 14 17 16 10 8 7 9 20 12 0
tc2c20s3cf0.xml	368.49	14.94	0.0%	0 17 18 16 8 9 7 5 4 6 14 13 15 10 12 11 2 1 3 19 20 0
tc2c20s3ct0.xml	362.95	0.25	0.0%	0 20 19 3 1 2 11 12 10 15 13 14 6 4 5 7 9 8 16 18 17 0
tc2c20s4cf0.xml	366.73	6.02	0.0%	0 17 18 16 8 9 7 5 4 6 14 13 15 10 12 11 2 1 3 19 20 0
tc2c20s4ct0.xml	362.87	0.14	0.0%	0 20 19 3 1 2 11 12 10 15 13 14 6 4 5 7 9 8 16 18 17 0
tc0c40s5cf0.xml	637.38	1001.78	2.3%	0 17 39 15 37 7 31 29 11 40 16 38 4 33 22 21 2 5 12 3 35 30 10 34 20 13 26 19 36 8 6 23 9 18 28 27 14 24 32 1 25 0
tc0c40s5cf4.xml	620.70	3.19	0.0%	0 4 18 29 24 23 19 5 13 40 26 12 7 14 2 27 30 39 34 6 22 25 37 3 33 31 15 17 36 8 20 38 1 28 16 35 10 21 32 11 9 0
tc0c40s5ct0.xml	616.99	12.10	0.0%	0 17 39 15 37 7 31 29 11 38 4 33 22 21 2 5 12 16 40 30 3 35 10 34 20 13 26 19 36 8 6 23 9 18 28 27 14 24 32 1 25 0
tc0c40s5ct4.xml	621.39	14.11	0.0%	0 9 11 32 21 10 35 16 28 1 38 20 8 36 17 15 31 33 3 37 25 22 6 34 39 30 27 2 14 7 12 26 40 13 5 19 23 24 29 18 4 0
tc0c40s8cf0.xml	637.38	1005.01	2.3%	0 25 1 32 24 14 27 28 18 9 23 6 8 36 19 26 13 20 34 10 30 35 3 12 5 2 21 22 33 4 38 16 40 11 29 31 7 37 15 39 17 0
tc0c40s8cf4.xml	619.13	1.11	0.0%	0 9 11 32 21 10 35 16 28 1 38 20 8 36 17 15 31 33 3 37 25 22 6 34 39 30 27 2 14 7 12 26 40 13 5 19 23 24 29 18 4 0
tc0c40s8ct0.xml	615.11	2.14	0.0%	0 17 39 15 37 7 31 29 11 38 4 33 22 21 2 5 12 16 40 30 3 35 10 34 20 13 26 19 36 8 6 23 9 18 28 27 14 24 32 1 25 0
tc0c40s8ct4.xml	619.41	1.31	0.0%	0 9 11 32 21 10 35 16 28 1 38 20 8 36 17 15 31 33 3 37 25 22 6 34 39 30 27 2 14 7 12 26 40 13 5 19 23 24 29 18 4 0
tc1c40s5cf1.xml	656.04	1006.91	3.2%	0 23 31 20 19 36 21 37 32 22 4 5 6 1 3 2 27 40 13 15 14 25 33 28 39 34 12 11 10 24 26 7 8 9 35 29 30 38 16 17 18 0
tc1c40s5ct1.xml	635.59	96.14	0.0%	0 23 31 36 21 37 32 19 20 22 4 5 6 24 1 3 2 27 40 13 15 14 25 33 28 39 34 12 11 10 26 7 8 9 35 29 30 38 16 17 18 0
tc1c40s8cf1.xml	636.82	278.12	0.0%	0 18 17 16 38 30 29 35 9 8 7 26 24 6 5 4 2 3 1 11 10 12 34 39 28 33 25 14 15 13 40 27 37 21 32 22 19 20 36 31 23 0
tc1c40s8ct1.xml	632.20	1.47	0.0%	0 23 31 36 21 37 32 19 20 22 4 5 6 24 1 3 2 27 40 13 15 14 25 33 28 39 34 12 11 10 26 7 8 9 35 29 30 38 16 17 18 0
tc2c40s5cf2.xml	490.73	1012.23	2.1%	0 22 24 23 11 10 12 30 28 29 16 17 18 5 4 6 36 34 35 21 20 19 40 25 27 26 8 7 9 33 32 31 38 39 37 3 1 2 15 14 13 0
tc2c40s5cf3.xml	453.68	1000.34	2.6%	0 39 37 22 23 24 19 21 20 38 40 29 25 30 28 27 26 4 3 1 6 2 5 11 8 12 7 9 10 32 35 31 36 34 33 15 13 18 14 16 17 0
tc2c40s5ct2.xml	477.85	0.26	0.0%	0 22 24 23 11 10 12 30 28 29 19 20 21 16 17 18 5 4 6 36 34 35 40 25 27 26 8 7 9 33 32 31 38 39 37 3 1 2 15 14 13 0
tc2c40s5ct3.xml	439.91	6.78	0.0%	0 17 16 14 18 13 15 33 34 36 31 35 32 10 9 7 12 8 11 5 2 6 1 3 4 26 30 27 28 25 29 40 38 20 21 19 24 23 22 37 39 0
tc2c40s8cf2.xml	483.18	853.94	0.0%	0 22 24 23 11 10 12 30 28 29 19 20 21 16 17 18 5 4 6 36 34 35 40 25 27 26 8 7 9 33 32 31 38 39 37 3 1 2 15 14 13 0
tc2c40s8cf3.xml	451.77	1026.39	2.2%	0 39 37 22 23 24 19 21 20 38 40 29 25 30 28 27 26 4 3 1 6 2 5 11 8 12 7 9 10 32 35 31 36 34 33 15 13 18 14 16 17 0
tc2c40s8ct2.xml	477.85	0.26	0.0%	0 22 24 23 11 10 12 30 28 29 19 20 21 16 17 18 5 4 6 36 34 35 40 25 27 26 8 7 9 33 32 31 38 39 37 3 1 2 15 14 13 0
tc2c40s8ct3.xml	439.91	7.14	0.0%	0 17 16 14 18 13 15 33 34 36 31 35 32 10 9 7 12 8 11 5 2 6 1 3 4 26 30 27 28 25 29 40 38 20 21 19 24 23 22 37 39 0

tc0c10s2cf1.xml	370.89	1.83	0.0%	0 7 8 10 6 1 3 4 9 5 2 0
tc0c10s2ct1.xml	373.09	2.02	0.0%	0 7 8 10 6 1 3 4 9 5 2 0
tc0c10s3cf1.xml	370.89	1.78	0.0%	0 7 8 10 6 1 3 4 9 5 2 0
tc0c10s3ct1.xml	373.09	2.01	0.0%	0 7 8 10 6 1 3 4 9 5 2 0
tc1c10s2cf2.xml	270.07	0.34	0.0%	0 8 7 9 2 1 3 5 4 6 10 0
tc1c10s2cf3.xml	311.12	0.84	0.0%	0 10 9 4 8 2 3 6 7 5 1 0
tc1c10s2cf4.xml	386.42	1.17	0.0%	0 7 5 9 3 10 8 2 1 4 6 0
tc1c10s2ct2.xml	270.07	0.34	0.0%	0 8 7 9 2 1 3 5 4 6 10 0
tc1c10s2ct3.xml	308.83	0.52	0.0%	0 1 5 7 6 3 2 8 4 9 10 0
tc1c10s2ct4.xml	383.62	0.16	0.0%	0 7 5 9 3 10 8 2 1 4 6 0
tc1c10s3cf2.xml	270.07	0.32	0.0%	0 8 7 9 2 1 3 5 4 6 10 0
tc1c10s3cf3.xml	309.58	0.48	0.0%	0 1 5 7 6 3 2 8 4 9 10 0
tc1c10s3cf4.xml	386.42	1.19	0.0%	0 7 5 9 3 10 8 2 1 4 6 0
tc1c10s3ct2.xml	270.07	0.33	0.0%	0 8 7 9 2 1 3 5 4 6 10 0
tc1c10s3ct3.xml	308.83	0.50	0.0%	0 1 5 7 6 3 2 8 4 9 10 0
tc1c10s3ct4.xml	383.62	0.18	0.0%	0 7 5 9 3 10 8 2 1 4 6 0
tc2c10s2cf0.xml	265.20	0.17	0.0%	0 9 10 3 4 1 2 7 5 6 8 0
tc2c10s2ct0.xml	265.20	0.16	0.0%	0 9 10 3 4 1 2 7 5 6 8 0
tc2c10s3cf0.xml	265.20	0.17	0.0%	0 9 10 3 4 1 2 7 5 6 8 0
tc2c10s3ct0.xml	265.20	0.16	0.0%	0 9 10 3 4 1 2 7 5 6 8 0
tc0c20s3cf2.xml	426.79	34.34	0.0%	0 19 1 10 14 11 16 13 17 2 18 9 12 20 4 5 15 3 8 6 7 0
tc0c20s3ct2.xml	423.67	7.49	0.0%	0 7 3 15 5 4 20 12 9 18 2 17 13 16 11 14 8 6 10 1 19 0
tc0c20s4cf2.xml	425.13	32.72	0.0%	0 19 1 10 14 11 16 17 13 2 18 9 12 20 4 5 15 3 8 6 7 0
tc0c20s4ct2.xml	422.72	4.13	0.0%	0 7 6 8 3 15 5 4 20 12 9 18 2 17 13 16 11 14 10 1 19 0
tc1c20s3cf1.xml	386.77	383.79	0.0%	0 12 13 16 18 14 6 5 8 20 7 9 10 19 17 15 11 4 3 2 1 0
tc1c20s3cf3.xml	366.73	26.95	0.0%	0 9 10 2 1 4 12 3 14 20 17 6 5 7 11 16 8 18 19 15 13 0
tc1c20s3cf4.xml	447.65	2.08	0.0%	0 19 3 6 1 4 5 2 15 13 18 11 14 17 16 10 8 7 9 20 12 0
tc1c20s3ct1.xml	405.27	1024.70	5.0%	0 12 13 16 18 14 6 5 8 20 7 9 10 3 2 19 17 15 11 4 1 0
tc1c20s3ct3.xml	364.49	6.76	0.0%	0 13 15 19 18 8 16 11 7 5 6 17 20 14 3 12 4 1 2 10 9 0
tc1c20s3ct4.xml	447.99	4.69	0.0%	0 19 3 6 1 4 5 2 15 13 18 11 14 17 16 10 8 7 9 20 12 0
tc1c20s4cf1.xml	386.77	379.11	0.0%	0 1 2 3 4 11 15 17 19 10 9 7 20 8 5 6 14 18 16 13 12 0
tc1c20s4cf3.xml	366.73	26.84	0.0%	0 9 10 2 1 4 12 3 14 20 17 6 5 7 11 16 8 18 19 15 13 0
tc1c20s4cf4.xml	447.65	2.05	0.0%	0 19 3 6 1 4 5 2 15 13 18 11 14 17 16 10 8 7 9 20 12 0
tc1c20s4ct1.xml	379.93	37.46	0.0%	0 12 13 16 18 14 6 5 8 20 7 9 10 19 17 15 11 2 3 4 1 0
tc1c20s4ct3.xml	364.49	7.75	0.0%	0 13 15 19 18 8 16 11 7 5 6 17 20 14 3 12 4 1 2 10 9 0
tc1c20s4ct4.xml	447.65	4.57	0.0%	0 12 20 9 7 8 10 16 17 14 11 18 13 15 2 5 4 1 6 3 19 0
tc2c20s3cf0.xml	366.96	366.10	0.0%	0 20 19 3 1 2 11 12 10 15 13 14 6 4 5 8 9 7 16 18 17 0
tc2c20s3ct0.xml	361.74	1.57	0.0%	0 20 19 3 1 2 11 12 10 15 13 14 6 4 5 8 9 7 16 18 17 0
tc2c20s4cf0.xml	362.86	15.79	0.0%	0 17 18 16 7 9 8 5 4 6 14 13 15 10 11 12 1 3 2 19 20 0
tc2c20s4ct0.xml	361.66	0.53	0.0%	0 20 19 3 1 2 11 12 10 15 13 14 6 4 5 8 9 7 16 18 17 0
tc0c40s5cf0.xml	650.90	1011.75	5.4%	0 25 1 32 24 14 28 18 27 9 23 6 8 36 19 26 20 13 34 10 3 35 30 40 16 12 5 2 21 22 4 33 38 11 29 31 7 37 15 39 17 0
tc0c40s5cf4.xml	615.01	112.59	0.0%	0 4 18 29 24 23 19 5 13 40 26 12 7 14 2 27 30 39 34 6 22 25 37 3 33 15 31 17 36 8 20 1 38 28 16 35 10 21 32 11 9 0
tc0c40s5ct0.xml	618.71	317.87	0.0%	0 17 39 15 37 7 31 29 11 38 4 33 22 21 2 5 12 16 40 30 35 3 10 34 13 20 26 19 36 8 6 23 9 18 28 27 14 24 32 1 25 0
tc0c40s5ct4.xml	615.63	122.49	0.0%	0 4 18 29 24 23 19 5 13 40 26 12 7 14 2 27 30 39 34 6 22 25 37 3 33 15 31 17 36 8 20 1 38 28 16 35 10 21 32 11 9 0
tc0c40s8cf0.xml	644.10	1033.63	4.4%	0 17 39 15 37 7 31 29 11 22 21 2 5 12 33 4 38 16 40 30 35 3 10 34 20 13 26 19 36 8 6 23 9 27 18 28 14 24 32 1 25 0
tc0c40s8cf4.xml	613.46	22.85	0.0%	0 9 11 32 21 10 35 16 28 38 1 20 8 36 17 31 15 33 3 37 25 22 6 34 39 30 27 2 14 7 12 26 40 13 5 19 23 24 29 18 4 0
tc0c40s8ct0.xml	614.34	7.71	0.0%	0 25 1 32 24 14 28 18 27 9 23 6 8 36 19 26 20 13 34 10 3 35 30 40 16 12 5 2 21 22 33 4 38 11 29 31 7 37 15 39 17 0
tc0c40s8ct4.xml	613.78	48.45	0.0%	0 4 18 29 24 23 19 5 13 40 26 12 7 14 2 27 30 39 34 6 22 25 37 3 33 15 31 17 36 8 20 1 38 28 16 35 10 21 32 11 9 0
tc1c40s5cf1.xml	653.55	1017.67	3.2%	0 23 31 36 20 19 22 32 21 37 4 5 6 24 1 3 2 27 40 15 13 14 25 33 28 39 34 12 11 10 26 7 9 8 29 35 30 38 16 17 18 0
tc1c40s5ct1.xml	638.69	1013.89	0.8%	0 23 31 20 19 36 21 37 32 22 4 5 6 24 1 3 2 27 40 15 13 14 25 33 28 39 34 12 11 10 26 7 9 8 29 35 30 38 16 17 18 0
tc1c40s8cf1.xml	634.64	478.42	0.0%	0 18 17 16 38 30 35 29 8 9 7 26 24 6 5 4 2 3 1 10 11 12 34 39 28 33 25 14 13 15 40 27 37 21 32 22 19 20 36 31 23 0
tc1c40s8ct1.xml	631.63	38.26	0.0%	0 23 31 20 19 36 21 37 32 22 4 5 6 24 1 3 2 27 40 15 13 14 25 33 28 39 34 12 11 10 26 7 9 8 29 35 30 38 16 17 18 0
tc2c40s5cf2.xml	490.14	1015.50	4.0%	0 15 13 14 2 1 3 39 37 38 31 32 33 9 7 8 26 27 25 40 35 34 36 6 4 5 18 17 16 19 20 21 29 28 30 12 10 11 24 22 23 0
tc2c40s5cf3.xml	442.58	1022.21	2.0%	0 39 37 22 23 24 19 21 20 38 40 26 27 28 29 25 30 4 3 1 6 2 5 11 8 12 7 9 10 32 35 31 36 34 33 15 17 16 13 18 14 0
tc2c40s5ct2.xml	469.24	2.20	0.0%	0 15 13 14 2 1 3 39 37 38 31 32 33 9 7 8 26 27 25 40 35 34 36 6 4 5 18 17 16 19 20 21 29 28 30 12 10 11 24 22 23 0
tc2c40s5ct3.xml	433.97	92.05	0.0%	0 17 16 14 18 13 15 33 34 36 31 35 32 10 9 7 12 8 11 5 2 6 1 3 4 30 26 25 29 28 27 40 38 20 21 19 24 23 22 37 39 0
tc2c40s8cf2.xml	474.32	1013.75	0.3%	0 23 22 24 11 10 12 30 28 29 21 20 19 16 17 18 5 4 6 36 34 35 40 25 27 26 8 7 9 33 32 31 38 37 39 3 1 2 14 13 15 0
tc2c40s8cf3.xml	442.57	1018.46	2.0%	0 39 37 22 23 24 19 21 20 38 40 26 30 27 28 29 25 4 3 1 6 2 5 11 8 12 7 9 10 32 35 31 36 34 33 15 13 18 14 16 17 0
tc2c40s8ct2.xml	469.24	2.17	0.0%	0 15 13 14 2 1 3 39 37 38 31 32 33 9 7 8 26 27 25 40 35 34 36 6 4 5 18 17 16 19 20 21 29 28 30 12 10 11 24 22 23 0
tc2c40s8ct3.xml	433.88	74.45	0.0%	0 17 16 14 18 13 15 33 34 36 31 35 32 10 9 7 12 8 11 5 2 6 1 3 4 30 26 25 29 28 27 40 38 20 21 19 24 23 22 37 39 0

tc0c10s2cf1.xml	360.13	4.07	0.0%	0 7 8 10 6 1 3 4 9 5 2 0
tc0c10s2ct1.xml	362.21	4.87	0.0%	0 2 5 9 4 3 1 6 10 8 7 0
tc0c10s3cf1.xml	360.13	4.11	0.0%	0 7 8 10 6 1 3 4 9 5 2 0
tc0c10s3ct1.xml	362.29	4.19	0.0%	0 7 8 10 6 1 3 4 9 5 2 0
tc1c10s2cf2.xml	271.36	4.78	0.0%	0 10 6 4 3 5 1 2 7 9 8 0
tc1c10s2cf3.xml	315.66	2.44	0.0%	0 10 9 4 8 2 3 6 7 5 1 0
tc1c10s2cf4.xml	385.85	4.25	0.0%	0 6 4 1 2 8 10 3 9 5 7 0
tc1c10s2ct2.xml	271.24	4.13	0.0%	0 8 9 7 2 1 5 3 4 6 10 0
tc1c10s2ct3.xml	313.12	2.39	0.0%	0 10 9 4 8 2 3 6 7 5 1 0
tc1c10s2ct4.xml	382.89	0.89	0.0%	0 6 4 1 2 8 10 3 9 5 7 0
tc1c10s3cf2.xml	271.36	4.73	0.0%	0 10 6 4 3 5 1 2 7 9 8 0
tc1c10s3cf3.xml	315.23	4.04	0.0%	0 1 5 7 6 3 2 8 4 9 10 0
tc1c10s3cf4.xml	385.85	4.29	0.0%	0 6 4 1 2 8 10 3 9 5 7 0
tc1c10s3ct2.xml	271.24	4.08	0.0%	0 8 9 7 2 1 5 3 4 6 10 0
tc1c10s3ct3.xml	313.12	2.50	0.0%	0 10 9 4 8 2 3 6 7 5 1 0
tc1c10s3ct4.xml	382.89	0.89	0.0%	0 6 4 1 2 8 10 3 9 5 7 0
tc2c10s2cf0.xml	269.86	0.83	0.0%	0 4 3 1 2 7 5 6 8 10 9 0
tc2c10s2ct0.xml	269.86	0.87	0.0%	0 4 3 1 2 7 5 6 8 10 9 0
tc2c10s3cf0.xml	269.86	0.86	0.0%	0 4 3 1 2 7 5 6 8 10 9 0
tc2c10s3ct0.xml	269.86	0.83	0.0%	0 4 3 1 2 7 5 6 8 10 9 0
tc0c20s3cf2.xml	435.55	454.11	0.0%	0 7 6 8 3 15 5 4 20 12 9 18 2 17 13 16 11 14 10 1 19 0
tc0c20s3ct2.xml	431.43	28.26	0.0%	0 19 1 10 14 11 16 13 17 2 20 12 18 9 8 6 3 4 5 15 7 0
tc0c20s4cf2.xml	434.49	295.25	0.0%	0 19 1 10 14 11 16 13 17 2 18 9 12 20 4 5 15 3 8 6 7 0
tc0c20s4ct2.xml	428.75	7.68	0.0%	0 7 15 5 4 3 6 8 9 18 12 20 2 17 13 16 11 14 10 1 19 0
tc1c20s3cf1.xml	381.65	1121.93	0.5%	0 2 3 1 4 11 15 17 19 10 9 7 20 8 5 6 14 18 16 13 12 0
tc1c20s3cf3.xml	365.12	96.90	0.0%	0 9 10 2 1 4 12 3 14 20 17 6 5 7 11 16 8 18 19 15 13 0
tc1c20s3cf4.xml	444.37	5.08	0.0%	0 19 3 1 6 4 5 2 15 13 18 11 14 17 16 10 8 7 9 20 12 0
tc1c20s3ct1.xml	403.18	1057.30	6.6%	0 2 3 1 4 11 15 17 19 10 9 7 20 8 5 6 14 18 16 13 12 0
tc1c20s3ct3.xml	362.79	40.79	0.0%	0 13 15 19 18 8 16 11 7 5 6 17 20 14 3 12 4 1 2 10 9 0
tc1c20s3ct4.xml	444.73	12.59	0.0%	0 19 3 1 6 4 5 2 15 13 18 11 14 17 16 10 8 7 9 20 12 0
tc1c20s4cf1.xml	381.61	1082.12	0.5%	0 2 3 1 4 11 15 17 19 10 9 7 20 8 5 6 14 18 16 13 12 0
tc1c20s4cf3.xml	365.12	97.45	0.0%	0 9 10 2 1 4 12 3 14 20 17 6 5 7 11 16 8 18 19 15 13 0
tc1c20s4cf4.xml	444.37	5.07	0.0%	0 19 3 1 6 4 5 2 15 13 18 11 14 17 16 10 8 7 9 20 12 0
tc1c20s4ct1.xml	376.50	140.48	0.0%	0 12 13 16 18 14 6 5 8 20 7 9 10 19 17 15 11 4 1 3 2 0
tc1c20s4ct3.xml	362.78	40.47	0.0%	0 13 15 19 18 8 16 11 7 5 6 17 20 14 3 12 4 1 2 10 9 0
tc1c20s4ct4.xml	444.37	10.22	0.0%	0 12 20 9 7 8 10 16 17 14 11 18 13 15 2 5 4 6 1 3 19 0
tc2c20s3cf0.xml	367.04	744.02	0.0%	0 20 19 3 1 2 11 12 10 15 13 14 6 4 5 8 9 7 16 18 17 0
tc2c20s3ct0.xml	361.67	22.84	0.0%	0 17 18 16 7 9 8 5 4 6 14 13 15 10 12 11 2 1 3 19 20 0
tc2c20s4cf0.xml	365.40	265.30	0.0%	0 17 18 16 7 9 8 5 4 6 14 13 15 10 12 11 2 1 3 19 20 0
tc2c20s4ct0.xml	361.59	7.76	0.0%	0 20 19 3 1 2 11 12 10 15 13 14 6 4 5 8 9 7 16 18 17 0
tc0c40s5cf0.xml	652.42	1020.45	5.5%	0 25 1 32 24 14 27 28 18 9 23 6 8 36 19 26 20 13 34 10 3 35 30 40 16 12 5 2 21 22 33 4 38 11 29 31 7 37 15 39 17 0
tc0c40s5cf4.xml	618.44	341.15	0.0%	0 4 18 29 24 23 19 5 13 40 26 12 7 14 2 27 30 39 34 6 22 25 37 3 33 15 31 17 36 8 20 38 1 28 16 35 10 21 32 11 9 0
tc0c40s5ct0.xml	618.74	853.57	0.0%	0 17 39 15 37 7 31 29 11 38 4 33 22 21 2 5 12 16 40 30 35 3 10 34 13 20 26 19 36 8 6 23 9 18 28 27 14 24 32 1 25 0
tc0c40s5ct4.xml	619.07	573.64	0.0%	0 4 18 29 24 23 19 5 13 40 26 12 7 14 2 27 30 39 34 6 22 25 37 3 33 15 31 17 36 8 20 38 1 28 16 35 10 21 32 11 9 0
tc0c40s8cf0.xml	649.23	1000.60	5.1%	0 25 1 32 24 14 27 28 18 9 23 6 8 36 19 26 13 20 34 10 3 35 30 40 16 38 4 33 12 5 2 21 22 11 29 31 7 37 15 39 17 0
tc0c40s8cf4.xml	616.89	100.59	0.0%	0 9 11 32 21 10 35 16 28 1 38 20 8 36 17 31 15 33 3 37 25 22 6 34 39 30 27 2 14 7 12 26 40 13 5 19 23 24 29 18 4 0
tc0c40s8ct0.xml	615.94	63.62	0.0%	0 25 1 32 24 14 27 28 18 9 23 6 8 36 19 26 20 13 34 10 3 35 30 40 16 12 5 2 21 22 33 4 38 11 29 31 7 37 15 39 17 0
tc0c40s8ct4.xml	617.18	190.26	0.0%	0 9 11 32 21 10 35 16 28 1 38 20 8 36 17 31 15 33 3 37 25 22 6 34 39 30 27 2 14 7 12 26 40 13 5 19 23 24 29 18 4 0
tc1c40s5cf1.xml	661.91	1050.01	4.6%	0 23 31 36 21 37 32 19 20 22 4 5 6 24 1 3 2 27 40 15 13 14 25 33 28 39 34 12 11 10 26 7 8 9 35 29 30 38 16 17 18 0
tc1c40s5ct1.xml	637.92	1053.80	1.0%	0 23 31 36 21 37 32 19 20 22 4 5 6 24 1 3 2 27 40 15 13 14 25 33 28 39 34 12 11 10 26 7 8 9 35 29 30 38 16 17 18 0
tc1c40s8cf1.xml	634.55	1325.27	0.5%	0 23 31 36 20 19 22 32 21 37 27 40 13 15 14 25 33 28 39 34 12 11 10 1 3 2 4 5 6 24 26 7 8 9 35 29 30 38 16 17 18 0
tc1c40s8ct1.xml	630.81	82.24	0.0%	0 18 17 16 38 30 29 35 9 8 7 26 10 11 12 34 39 28 33 25 14 15 13 40 27 2 3 1 24 6 5 4 22 20 19 32 37 21 36 31 23 0
tc2c40s5cf2.xml	499.13	1002.83	4.4%	0 13 14 15 2 1 3 39 37 38 31 32 33 9 7 8 26 27 25 40 35 34 36 6 4 5 18 17 16 20 19 21 29 28 30 12 10 11 23 22 24 0
tc2c40s5cf3.xml	450.51	1387.88	2.5%	0 39 37 22 23 24 19 21 20 38 40 29 25 30 26 28 27 4 3 1 6 2 5 11 8 12 7 9 10 32 35 31 36 34 33 15 13 18 14 16 17 0
tc2c40s5ct2.xml	476.54	28.17	0.0%	0 24 22 23 11 10 12 30 28 29 21 19 20 16 17 18 5 4 6 36 34 35 40 25 27 26 8 7 9 33 32 31 38 37 39 3 1 2 15 14 13 0
tc2c40s5ct3.xml	439.56	182.93	0.0%	0 17 16 14 18 13 15 33 34 36 31 35 32 10 9 7 12 8 11 5 2 6 1 3 4 30 26 27 28 25 29 40 38 20 21 19 24 23 22 37 39 0
tc2c40s8cf2.xml	481.82	1110.02	1.1%	0 13 14 15 2 1 3 39 37 38 31 32 33 9 7 8 26 27 25 40 35 34 36 6 4 5 18 17 16 20 19 21 29 28 30 12 10 11 23 22 24 0
tc2c40s8cf3.xml	448.47	1013.07	2.1%	0 39 37 22 23 24 19 21 20 38 40 29 25 30 26 28 27 4 3 1 6 2 5 11 8 12 7 9 10 32 35 31 36 34 33 15 13 18 14 16 17 0
tc2c40s8ct2.xml	476.54	9.60	0.0%	0 13 14 15 2 1 3 39 37 38 31 32 33 9 7 8 26 27 25 40 35 34 36 6 4 5 18 17 16 20 19 21 29 28 30 12 10 11 23 22 24 0
tc2c40s8ct3.xml	439.55	416.92	0.0%	0 17 16 14 18 13 15 33 34 36 31 35 32 10 9 7 12 8 11 5 2 6 1 3 4 30 26 27 28 25 29 40 38 20 21 19 24 23 22 37 39 0

