tc0c10s2cf1.xml	362.37	0.03	-	0 8 7 2 5 9 4 3 1 6 10 0
tc0c10s2ct1.xml	363.13	0.02	-	0 2 5 9 4 3 1 6 10 8 7 0
tc0c10s3cf1.xml	362.37	0.03	-	0 8 7 2 5 9 4 3 1 6 10 0
tc0c10s3ct1.xml	363.13	0.02	-	0 7 8 10 6 1 3 4 9 5 2 0
tc1c10s2cf2.xml	273.09	0.04	-	0 10 6 4 3 5 1 2 9 7 8 0
tc1c10s2cf3.xml	354.46	0.54	-	0 10 9 4 8 2 3 6 7 5 1 0
tc1c10s2cf4.xml	391.39	0.02	-	0 7 5 9 3 10 8 2 1 4 6 0
tc1c10s2ct2.xml	271.76	0.02	-	0 8 9 7 2 1 5 3 4 6 10 0
tc1c10s2ct3.xml	334.36	0.12	-	0 10 9 4 8 2 3 6 7 5 1 0
tc1c10s2ct4.xml	390.05	0.04	-	0 6 4 1 2 8 10 7 3 9 5 0
tc1c10s3cf2.xml	273.09	0.04	-	0 10 6 4 3 5 1 2 9 7 8 0
tc1c10s3cf3.xml	352.29	0.45	-	0 1 5 7 6 3 2 8 4 9 10 0
tc1c10s3cf4.xml	391.39	0.02	-	0 7 5 9 3 10 8 2 1 4 6 0
tc1c10s3ct2.xml	271.76	0.02	-	0 8 9 7 2 1 5 3 4 6 10 0
tc1c10s3ct3.xml	327.89	0.07	-	0 10 9 4 8 2 3 6 7 5 1 0
tc1c10s3ct4.xml	389.61	0.02	-	0 5 9 3 7 10 8 2 1 4 6 0
tc2c10s2cf0.xml	278.52	0.06	-	0 9 10 8 6 5 7 2 1 3 4 0
tc2c10s2ct0.xml	275.87	0.03	-	0 4 3 1 2 7 5 6 8 10 9 0
tc2c10s3cf0.xml	278.52	0.05	-	0 9 10 8 6 5 7 2 1 3 4 0
tc2c10s3ct0.xml	275.53	0.03	-	0 4 3 1 2 7 5 6 8 10 9 0
tc0c20s3cf2.xml	470.05	1000.42	-	0 7 3 15 5 4 20 12 9 18 2 17 13 16 11 14 8 6 10 1 19 0
tc0c20s3ct2.xml	436.64	0.34	-	0 7 3 15 5 4 20 12 9 18 2 17 13 16 11 14 8 6 10 1 19 0
tc0c20s4cf2.xml	470.05	1000.22	-	0 19 1 10 6 8 14 11 16 13 17 2 18 9 12 20 4 5 15 3 7 0
tc0c20s4ct2.xml	433.27	0.07	-	0 7 3 15 5 4 20 12 9 18 2 17 13 16 11 14 8 6 10 1 19 0
tc1c20s3cf1.xml	383.83	7.37	-	0 2 3 1 4 11 15 17 20 8 5 6 7 19 10 9 14 18 16 13 12 0
tc1c20s3cf3.xml	394.95	1000.57	-	0 13 15 19 18 8 16 11 7 5 6 17 20 14 3 12 4 1 2 10 9 0
tc1c20s3cf4.xml	511.11	1000.52	-	0 20 12 9 7 8 10 16 17 14 11 18 13 15 2 5 4 1 6 3 19 0
tc1c20s3ct1.xml	440.03	1000.46	-	0 2 3 1 4 11 15 17 19 10 9 7 20 8 5 6 14 18 16 13 12 0
tc1c20s3ct3.xml	367.64	0.21	-	0 13 15 19 8 16 11 7 5 18 6 17 20 14 3 12 4 1 2 10 9 0
tc1c20s3ct4.xml	483.10	3.02	-	0 20 12 19 3 1 6 4 5 2 15 13 18 11 14 17 16 9 7 10 8 0
tc1c20s4cf1.xml	383.83	7.05	-	0 2 3 1 4 11 15 17 20 8 5 6 7 19 10 9 14 18 16 13 12 0
tc1c20s4cf3.xml	394.95	1000.20	-	0 13 15 19 18 8 16 11 7 5 6 17 20 14 3 12 4 1 2 10 9 0
tc1c20s4cf4.xml	484.25	1000.32	-	0 20 12 15 2 5 4 6 1 3 19 13 18 11 14 17 16 9 7 10 8 0
tc1c20s4ct1.xml	402.98	118.46	-	0 12 13 16 18 14 9 10 2 3 19 7 6 5 8 20 17 15 11 4 1 0
tc1c20s4ct3.xml	395.09	285.58	-	0 9 10 2 1 4 12 3 14 20 17 6 5 7 11 16 8 18 19 15 13 0
tc1c20s4ct4.xml	482.75	2.82	-	0 8 10 7 9 16 17 14 11 18 13 15 2 5 4 6 1 3 19 12 20 0
tc2c20s3cf0.xml	368.89	1.01	-	0 20 19 3 1 2 11 12 10 15 13 14 6 4 5 7 9 8 16 18 17 0
tc2c20s3ct0.xml	362.95	0.02	-	0 17 18 16 8 9 7 5 4 6 14 13 15 10 12 11 2 1 3 19 20 0
tc2c20s4cf0.xml	368.89	0.94	-	0 20 19 3 1 2 11 12 10 15 13 14 6 4 5 7 9 8 16 18 17 0
tc2c20s4ct0.xml	362.95	0.02	-	0 20 19 3 1 2 11 12 10 15 13 14 6 4 5 7 9 8 16 18 17 0
tc0c40s5cf0.xml	687.07	1000.29	-	0 17 39 15 37 7 31 29 11 22 21 2 5 12 33 4 38 16 40 35 3 30 10 34 20 13 26 19 36 8 6 23 9 18 28 27 14 24 32 1 25 0
tc0c40s5cf4.xml	641.32	1000.65	-	0 4 18 29 24 23 19 5 13 40 26 12 7 14 2 27 30 39 34 6 22 25 37 3 33 31 15 17 36 8 20 38 1 28 16 35 10 21 32 11 9 0
tc0c40s5ct0.xml	644.81	1000.38	-	0 17 39 15 37 7 31 29 11 38 4 33 22 21 2 5 12 16 40 30 3 35 10 34 20 13 26 19 36 8 6 23 9 18 28 27 14 24 32 1 25 0
tc0c40s5ct4.xml	632.18	97.50	-	0 4 18 29 24 23 19 5 13 40 26 12 7 14 2 27 30 39 36 17 6 34 22 25 37 3 33 31 15 8 38 1 20 28 16 35 10 21 32 11 9 0
tc0c40s8cf0.xml	677.35	1000.39	-	0 17 39 15 37 7 31 29 11 22 21 2 5 12 33 4 38 16 40 30 35 3 10 34 20 13 26 19 36 8 6 23 9 18 28 27 14 24 32 1 25 0
tc0c40s8cf4.xml	623.45	1.85	-	0 4 18 29 23 19 5 13 40 26 12 7 14 2 27 30 39 34 6 22 25 37 3 33 31 15 17 36 8 20 38 1 28 16 35 10 21 32 11 9 24 0
tc0c40s8ct0.xml	617.00	0.63	-	0 25 1 32 24 14 27 28 18 9 23 6 8 36 19 26 13 20 34 10 35 3 30 40 16 12 5 2 21 22 33 4 38 11 29 31 7 37 15 39 17 0
tc0c40s8ct4.xml	637.88	377.11	-	0 24 9 11 32 21 10 35 16 28 20 1 38 8 15 31 33 3 37 25 22 34 6 17 36 39 30 27 2 7 14 12 26 40 13 5 19 23 29 18 4 0
tc1c40s5cf1.xml	673.52	1000.45	-	0 23 31 36 21 37 32 19 20 22 4 5 6 24 26 1 3 2 27 40 13 15 14 25 33 28 39 34 12 11 10 7 8 9 35 29 30 38 16 17 18 0
tc1c40s5ct1.xml	661.58	1000.52	-	0 23 31 36 21 37 32 19 20 22 4 5 6 1 3 2 27 40 13 15 14 25 33 28 39 34 12 11 10 24 26 7 8 9 35 29 30 38 16 17 18 0
tc1c40s8cf1.xml	660.97	1000.37	-	0 18 17 16 38 30 29 35 9 8 7 26 10 11 12 34 39 28 33 25 14 15 13 40 27 2 3 1 24 4 6 5 22 20 19 32 37 21 36 31 23 0
tc1c40s8ct1.xml	638.44	11.85	-	0 23 31 36 21 37 32 19 20 22 4 5 6 1 3 2 27 40 13 15 14 25 33 28 39 34 12 11 10 24 26 7 8 9 35 29 30 38 16 17 18 0
tc2c40s5cf2.xml	515.51	1000.63	-	0 13 14 15 2 1 3 37 39 38 31 32 33 9 7 8 26 27 25 40 19 21 20 35 34 36 6 4 5 18 17 16 29 28 30 12 10 11 23 24 22 0
tc2c40s5cf3.xml	462.01	1000.71	-	0 39 37 22 23 24 19 21 20 38 40 29 25 30 28 27 26 4 3 1 6 2 5 11 8 12 7 9 10 32 35 31 36 34 33 15 13 18 14 16 17 0
tc2c40s5ct2.xml	477.88	0.04	-	0 22 24 23 11 10 12 30 28 29 19 20 21 16 17 18 5 4 6 36 34 35 40 25 27 26 8 7 9 33 32 31 38 39 37 3 1 2 15 14 13 0
tc2c40s5ct3.xml	451.87	1000.25	-	0 36 34 33 31 35 32 10 9 7 12 8 11 5 2 6 1 3 4 26 30 27 28 25 29 40 39 37 38 20 21 19 24 23 22 14 18 13 16 15 17 0
tc2c40s8cf2.xml	502.41	1000.38	-	0 13 14 15 2 1 3 37 39 38 31 33 9 7 8 32 26 27 25 40 35 34 36 6 4 5 18 17 16 21 20 19 29 28 30 12 10 11 23 24 22 0
tc2c40s8cf3.xml	462.01	1000.22	-	0 39 37 22 23 24 19 21 20 38 40 29 25 30 28 27 26 4 3 1 6 2 5 11 8 12 7 9 10 32 35 31 36 34 33 15 13 18 14 16 17 0
tc2c40s8ct2.xml	477.88	0.04	-	0 22 24 23 11 10 12 30 28 29 19 20 21 16 17 18 5 4 6 36 34 35 40 25 27 26 8 7 9 33 32 31 38 39 37 3 1 2 15 14 13 0
tc2c40s8ct3.xml	441.44	1.02	-	0 17 16 14 18 13 15 33 34 36 31 35 32 10 9 7 12 8 11 5 2 6 1 3 4 26 27 28 30 25 29 40 38 20 21 19 24 23 22 37 39 0

tc0c10s2cf1.xml	389.59	0.34	-	0 10 6 1 3 4 9 5 2 7 8 0
tc0c10s2ct1.xml	376.85	0.10	-	0 2 5 9 4 3 1 6 10 8 7 0
tc0c10s3cf1.xml	389.59	0.34	-	0 10 6 1 3 4 9 5 2 7 8 0
tc0c10s3ct1.xml	379.06	0.13	-	0 10 6 1 3 4 9 5 2 7 8 0
tc1c10s2cf2.xml	270.07	0.01	-	0 8 7 9 2 1 3 5 4 6 10 0
tc1c10s2cf3.xml	344.62	0.92	-	0 10 9 4 8 2 3 6 7 5 1 0
tc1c10s2cf4.xml	392.32	0.08	-	0 6 4 1 2 8 10 7 3 9 5 0
tc1c10s2ct2.xml	270.82	0.08	-	0 8 7 9 2 1 3 5 4 6 10 0
tc1c10s2ct3.xml	316.43	0.08	-	0 1 5 7 6 3 2 8 4 9 10 0
tc1c10s2ct4.xml	385.93	0.04	-	0 6 4 1 2 8 10 7 3 9 5 0
tc1c10s3cf2.xml	270.07	0.01	-	0 8 7 9 2 1 3 5 4 6 10 0
tc1c10s3cf3.xml	343.68	0.82	-	0 1 5 7 6 3 2 8 4 9 10 0
tc1c10s3cf4.xml	392.19	0.08	-	0 7 5 9 3 10 8 2 1 4 6 0
tc1c10s3ct2.xml	270.08	0.01	-	0 8 7 9 2 1 3 5 4 6 10 0
tc1c10s3ct3.xml	314.15	0.06	-	0 1 5 7 6 3 2 8 4 9 10 0
tc1c10s3ct4.xml	385.50	0.04	-	0 5 9 3 7 10 8 2 1 4 6 0
tc2c10s2cf0.xml	277.73	0.35	-	0 10 9 6 8 5 7 2 1 3 4 0
tc2c10s2ct0.xml	265.80	0.03	-	0 9 10 3 4 1 2 7 5 6 8 0
tc2c10s3cf0.xml	277.73	0.36	-	0 10 9 6 8 5 7 2 1 3 4 0
tc2c10s3ct0.xml	266.13	0.02	-	0 8 6 5 7 2 1 4 3 10 9 0
tc0c20s3cf2.xml	456.80	442.42	-	0 7 6 8 3 15 5 4 20 12 9 18 2 17 13 16 11 14 10 1 19 0
tc0c20s3ct2.xml	425.95	0.26	-	0 7 6 8 3 15 5 4 20 12 9 18 2 17 13 16 11 14 10 1 19 0
tc0c20s4cf2.xml	456.39	454.26	-	0 19 1 10 14 11 16 17 13 2 18 9 12 20 4 5 15 3 8 6 7 0
tc0c20s4ct2.xml	422.72	0.06	-	0 7 6 8 3 15 5 4 20 12 9 18 2 17 13 16 11 14 10 1 19 0
tc1c20s3cf1.xml	420.26	1000.38	-	0 12 13 16 18 14 10 9 7 6 5 8 20 19 17 15 11 4 3 2 1 0
tc1c20s3cf3.xml	393.99	1000.30	-	0 9 10 2 1 4 12 3 14 20 17 6 5 7 11 16 8 18 19 15 13 0
tc1c20s3cf4.xml	522.21	1000.68	-	0 19 3 6 1 4 5 2 15 13 18 11 14 17 16 10 8 7 9 20 12 0
tc1c20s3ct1.xml	451.86	1000.80	-	0 12 13 16 18 14 6 5 8 20 7 9 10 19 17 15 11 4 3 2 1 0
tc1c20s3ct3.xml	366.95	0.39	-	0 9 10 2 1 4 12 3 14 20 17 6 18 5 7 11 16 8 19 15 13 0
tc1c20s3ct4.xml	480.48	3.71	-	0 20 12 19 3 6 1 4 5 2 15 13 18 11 14 17 16 9 7 10 8 0
tc1c20s4cf1.xml	389.93	10.25	-	0 12 13 16 18 14 9 10 19 7 6 5 8 20 17 15 11 4 3 2 1 0
tc1c20s4cf3.xml	393.99	1000.75	-	0 9 10 2 1 4 12 3 14 20 17 6 5 7 11 16 8 18 19 15 13 0
tc1c20s4cf4.xml	488.50	1000.49	-	0 8 7 9 10 16 17 14 11 18 13 15 2 5 4 6 1 3 19 12 20 0
tc1c20s4ct1.xml	408.33	79.34	-	0 1 4 11 15 17 20 8 5 6 7 19 2 3 10 9 14 18 16 13 12 0
tc1c20s4ct3.xml	380.23	7.20	-	0 9 10 2 1 4 12 3 14 20 17 6 5 7 11 16 8 18 19 15 13 0
tc1c20s4ct4.xml	480.13	5.51	-	0 8 10 7 9 16 17 14 11 18 13 15 2 5 4 1 6 3 19 12 20 0
tc2c20s3cf0.xml	368.90	12.75	-	0 20 19 2 3 1 12 11 10 15 13 14 6 4 5 8 9 7 16 18 17 0
tc2c20s3ct0.xml	364.09	0.60	-	0 20 19 3 1 2 11 12 10 15 13 14 6 4 5 9 7 8 18 16 17 0
tc2c20s4cf0.xml	368.87	12.83	-	0 17 18 16 7 9 8 5 4 6 14 13 15 10 11 12 1 3 2 19 20 0
tc2c20s4ct0.xml	365.22	1.63	-	0 17 16 18 8 7 9 5 4 6 14 13 15 10 12 11 2 1 3 19 20 0
tc0c40s5cf0.xml	694.27	1000.39	-	0 17 39 15 37 7 31 29 11 22 21 2 5 12 33 4 38 16 40 30 35 3 10 34 13 20 26 19 36 8 6 23 9 27 18 28 14 24 32 1 25 0
tc0c40s5cf4.xml	630.31	1001.33	-	0 4 18 29 24 23 19 5 13 40 26 34 6 22 25 37 3 33 15 31 17 39 30 14 12 7 2 27 36 8 20 1 38 28 16 35 10 21 32 11 9 0
tc0c40s5ct0.xml	650.01	1000.47	-	0 17 39 15 37 7 31 29 11 38 33 4 22 21 2 5 12 16 40 30 35 3 10 34 13 20 26 19 36 8 6 23 9 18 28 27 14 24 32 1 25 0
tc0c40s5ct4.xml	629.98	655.75	-	0 4 18 29 24 23 19 5 7 14 12 13 40 26 34 6 22 25 37 3 33 15 31 17 39 30 2 27 36 8 20 1 38 28 16 35 10 21 32 11 9 0
tc0c40s8cf0.xml	675.15	1000.88	-	0 17 39 15 37 7 31 29 11 22 21 2 5 12 33 4 38 16 40 30 35 3 10 34 13 20 26 19 36 8 6 23 9 18 28 27 14 24 32 1 25 0
tc0c40s8cf4.xml	626.63	298.71	-	0 4 18 29 24 23 19 5 7 14 12 13 40 26 34 6 22 25 37 3 33 15 31 17 39 30 2 27 36 8 20 1 38 28 16 35 10 21 32 11 9 0
tc0c40s8ct0.xml	616.68	0.86	-	0 17 39 15 37 7 31 29 11 38 4 33 22 21 2 5 12 16 40 30 35 3 10 34 13 20 26 19 36 8 6 23 9 27 18 28 14 24 32 1 25 0
tc0c40s8ct4.xml	626.19	178.03	-	0 4 18 29 24 23 19 5 7 14 12 13 40 26 34 6 22 25 37 3 33 15 31 17 39 30 2 27 36 8 20 1 38 28 16 35 10 21 32 11 9 0
tc1c40s5cf1.xml	677.14	1000.25	-	0 23 31 20 19 36 21 37 32 22 4 5 6 24 26 1 3 2 27 40 15 13 14 25 33 28 39 34 12 11 10 7 9 8 29 35 30 38 16 17 18 0
tc1c40s5ct1.xml	658.76	1001.08	-	0 23 31 36 21 37 32 19 20 22 4 5 6 10 11 12 34 39 28 33 25 14 13 15 40 27 2 3 1 24 26 7 9 8 29 35 30 38 16 17 18 0
tc1c40s8cf1.xml	657.28	1000.30	-	0 16 17 18 38 30 29 35 9 8 7 26 24 6 5 4 2 27 40 3 1 10 11 12 34 39 28 33 25 14 13 15 37 21 32 22 19 20 36 31 23 0
tc1c40s8ct1.xml	644.43	1000.90	-	0 23 31 36 21 37 32 19 20 22 4 5 6 10 11 12 34 39 28 33 25 14 13 15 40 27 2 3 1 24 26 7 9 8 29 35 30 38 16 17 18 0
tc2c40s5cf2.xml	501.31	1000.40	-	0 15 13 14 2 1 3 39 37 38 31 32 33 9 7 8 26 27 25 40 19 20 21 35 34 36 6 4 5 18 17 16 29 28 30 12 10 11 24 22 23 0
tc2c40s5cf3.xml	453.55	1000.89	-	0 39 37 22 23 24 19 21 20 38 40 26 27 28 29 25 30 4 3 1 6 2 5 11 8 12 7 9 10 32 35 31 36 34 33 15 13 18 14 16 17 0
tc2c40s5ct2.xml	469.28	0.14	-	0 23 22 24 11 10 12 30 28 29 21 20 19 16 17 18 5 4 6 36 34 35 40 25 27 26 8 7 9 33 32 31 38 37 39 3 1 2 14 13 15 0
tc2c40s5ct3.xml	453.61	1000.32	-	0 39 37 22 23 24 19 21 20 38 40 26 27 28 29 25 30 4 3 1 6 2 5 11 8 12 7 9 10 32 35 31 36 34 33 15 13 18 14 16 17 0
tc2c40s8cf2.xml	495.31	1001.33	-	0 15 13 14 2 1 3 39 37 38 31 32 33 9 7 8 26 27 25 40 35 34 36 6 4 5 18 17 16 19 20 21 29 28 30 12 10 11 24 22 23 0
tc2c40s8cf3.xml	454.18	1000.34	-	0 39 37 22 23 24 19 21 20 38 40 26 27 28 29 25 30 4 3 1 6 2 5 11 8 12 7 9 10 32 35 31 36 34 33 15 13 18 14 16 17 0
tc2c40s8ct2.xml	469.27	0.14	-	0 23 22 24 11 10 12 30 28 29 21 20 19 16 17 18 5 4 6 36 34 35 40 25 27 26 8 7 9 33 32 31 38 37 39 3 1 2 14 13 15 0
tc2c40s8ct3.xml	435.31	7.29	-	0 17 16 14 18 13 15 33 34 36 31 35 32 10 9 7 12 8 11 5 2 6 1 3 4 30 26 25 29 28 27 40 38 20 21 19 24 23 22 37 39 0

tc0c10s2cf1.xml	369.45	0.31	-	0 10 6 1 3 4 9 5 2 7 8 0
tc0c10s2ct1.xml	364.08	0.04	-	0 2 5 9 4 3 1 6 10 8 7 0
tc0c10s3cf1.xml	369.45	0.31	-	0 10 6 1 3 4 9 5 2 7 8 0
tc0c10s3ct1.xml	365.40	0.05	-	0 10 6 1 3 4 9 5 2 7 8 0
tc1c10s2cf2.xml	274.20	0.37	-	0 8 7 9 2 1 5 3 4 6 10 0
tc1c10s2cf3.xml	349.81	2.92	-	0 10 9 4 8 2 3 6 7 5 1 0
tc1c10s2cf4.xml	392.82	0.10	-	0 6 4 1 2 8 10 3 9 5 7 0
tc1c10s2ct2.xml	271.96	0.04	-	0 8 9 7 2 1 5 3 4 6 10 0
tc1c10s2ct3.xml	324.19	0.20	-	0 1 5 7 6 3 2 8 4 9 10 0
tc1c10s2ct4.xml	388.38	0.09	-	0 5 9 3 7 10 8 2 1 4 6 0
tc1c10s3cf2.xml	274.20	0.36	-	0 8 7 9 2 1 5 3 4 6 10 0
tc1c10s3cf3.xml	350.99	3.04	-	0 10 9 4 8 2 3 6 7 5 1 0
tc1c10s3cf4.xml	390.55	0.07	-	0 6 4 1 2 8 10 3 9 5 7 0
tc1c10s3ct2.xml	271.96	0.04	-	0 8 9 7 2 1 5 3 4 6 10 0
tc1c10s3ct3.xml	320.26	0.13	-	0 1 5 7 6 3 2 8 4 9 10 0
tc1c10s3ct4.xml	387.93	0.11	-	0 5 9 3 7 10 8 2 1 4 6 0
tc2c10s2cf0.xml	275.64	0.20	-	0 9 10 8 6 5 7 2 1 3 4 0
tc2c10s2ct0.xml	273.01	0.06	-	0 4 3 1 2 7 5 6 8 10 9 0
tc2c10s3cf0.xml	275.64	0.19	-	0 9 10 8 6 5 7 2 1 3 4 0
tc2c10s3ct0.xml	272.39	0.06	-	0 4 3 1 2 7 5 8 6 10 9 0
tc0c20s3cf2.xml	466.85	1000.21	-	0 19 1 10 14 11 16 13 17 2 18 9 12 20 4 5 15 3 8 6 7 0
tc0c20s3ct2.xml	434.67	3.32	-	0 7 6 8 3 15 5 4 20 12 9 18 2 17 13 16 11 14 10 1 19 0
tc0c20s4cf2.xml	466.72	1001.85	-	0 19 1 10 14 11 16 13 17 2 18 9 12 20 4 5 15 3 8 6 7 0
tc0c20s4ct2.xml	431.46	0.84	-	0 7 6 8 3 15 5 4 20 12 9 18 2 17 13 16 11 14 10 1 19 0
tc1c20s3cf1.xml	410.47	1000.19	-	0 2 3 1 4 11 15 17 20 8 5 6 7 19 10 9 14 18 16 13 12 0
tc1c20s3cf3.xml	393.99	1000.66	-	0 13 15 19 18 8 16 11 7 5 6 17 20 14 3 12 4 1 2 10 9 0
tc1c20s3cf4.xml	498.88	1000.86	-	0 8 10 7 16 9 20 12 1 3 6 4 5 2 15 13 11 14 17 18 19 0
tc1c20s3ct1.xml	444.54	1000.85	-	0 12 13 16 18 14 6 5 8 20 7 9 10 19 17 15 11 4 1 3 2 0
tc1c20s3ct3.xml	365.32	0.60	-	0 9 10 2 1 4 12 3 14 20 17 6 18 5 7 11 16 8 19 15 13 0
tc1c20s3ct4.xml	479.98	13.94	-	0 20 12 19 3 1 6 4 5 2 15 13 18 11 14 17 16 9 7 10 8 0
tc1c20s4cf1.xml	387.06	38.12	-	0 2 3 1 4 11 15 17 20 8 5 6 7 19 10 9 14 18 16 13 12 0
tc1c20s4cf3.xml	393.99	1001.68	-	0 13 15 19 18 8 16 11 7 5 6 17 20 14 3 12 4 1 2 10 9 0
tc1c20s4cf4.xml	486.51	1000.93	-	0 20 12 15 2 5 4 1 6 3 19 13 18 11 14 17 16 10 9 7 8 0
tc1c20s4ct1.xml	405.72	185.33	-	0 12 13 16 18 14 9 10 3 19 7 6 5 8 20 17 15 11 4 1 2 0
tc1c20s4ct3.xml	382.64	44.95	-	0 13 15 19 18 8 16 11 7 5 6 17 20 14 3 12 4 1 2 10 9 0
tc1c20s4ct4.xml	479.63	13.27	-	0 8 10 7 9 16 17 14 11 18 13 15 2 5 4 6 1 3 19 12 20 0
tc2c20s3cf0.xml	369.03	16.33	-	0 20 19 3 1 2 11 12 10 15 13 14 6 4 5 8 9 7 16 18 17 0
tc2c20s3ct0.xml	364.27	0.98	-	0 20 19 3 1 2 11 12 10 15 13 14 6 4 5 7 9 8 16 18 17 0
tc2c20s4cf0.xml	368.82	15.04	-	0 17 18 16 7 9 8 5 4 6 14 13 15 10 12 11 2 1 3 19 20 0
tc2c20s4ct0.xml	366.68	4.53	-	0 17 18 16 8 9 7 5 4 6 14 13 15 10 12 11 2 1 3 19 20 0
tc0c40s5cf0.xml	701.17	1001.78	-	0 25 1 32 24 14 28 18 27 9 23 6 8 36 19 26 20 13 34 10 3 35 30 40 16 38 4 33 12 5 2 21 22 11 29 31 7 37 15 39 17 0
tc0c40s5cf4.xml	644.11	1000.82	-	0 4 18 29 24 23 19 5 13 40 26 12 7 14 2 27 30 39 34 6 22 25 37 3 33 31 15 17 36 8 20 38 1 28 16 35 10 21 32 11 9 0
tc0c40s5ct0.xml	651.18	1001.92	-	0 25 1 32 24 14 27 28 18 9 23 6 8 36 19 26 20 13 34 10 3 35 30 40 16 12 5 2 21 22 33 4 38 11 29 31 7 37 15 39 17 0
tc0c40s5ct4.xml	632.74	1001.57	-	0 4 18 29 24 23 19 5 13 40 26 12 7 14 2 27 30 39 36 17 6 34 22 25 37 3 33 31 15 8 1 38 20 28 16 35 10 21 32 11 9 0
tc0c40s8cf0.xml	676.93	1000.17	-	0 17 39 15 37 7 31 29 11 22 21 2 5 12 33 4 38 16 40 30 35 3 10 34 13 20 26 19 36 8 6 23 9 18 28 27 14 24 32 1 25 0
tc0c40s8cf4.xml	632.98	1004.99	-	0 4 18 29 24 23 19 5 7 14 12 13 40 26 34 6 22 25 37 3 33 15 31 17 39 30 2 27 36 8 20 38 1 28 16 35 10 21 32 11 9 0
tc0c40s8ct0.xml	618.36	4.12	-	0 17 39 15 37 7 31 29 11 38 4 33 22 21 2 5 12 16 40 30 35 3 10 34 13 20 26 19 36 8 6 23 9 18 28 27 14 24 32 1 25 0
tc0c40s8ct4.xml	657.33	1000.17	-	0 4 18 29 24 23 19 5 13 40 26 12 7 14 2 27 30 39 34 6 22 25 37 3 33 15 31 17 36 8 20 38 1 28 16 35 10 21 32 11 9 0
tc1c40s5cf1.xml	673.86	1006.05	-	0 23 31 36 21 37 32 19 20 22 4 5 6 24 26 1 3 2 27 40 13 15 14 25 33 28 39 34 12 11 10 7 8 9 35 29 30 38 16 17 18 0
tc1c40s5ct1.xml	661.14	1000.67	-	0 23 31 36 21 37 32 19 20 22 4 5 6 1 3 2 27 40 13 15 14 25 33 28 39 34 12 11 10 24 26 7 8 9 35 29 30 38 16 17 18 0
tc1c40s8cf1.xml	659.53	1000.23	-	0 23 31 36 21 37 32 19 20 22 5 6 4 3 1 2 27 40 13 15 14 25 33 28 39 34 12 11 10 24 26 7 8 9 35 29 30 38 16 17 18 0
tc1c40s8ct1.xml	644.44	1009.35	-	0 23 31 36 21 37 32 19 20 22 4 5 6 1 3 2 27 40 13 15 14 25 33 28 39 34 12 11 10 24 26 7 8 9 35 29 30 38 16 17 18 0
tc2c40s5cf2.xml	510.43	1001.60	-	0 13 14 15 2 1 3 39 37 38 31 32 33 9 7 8 26 27 25 40 19 20 21 35 34 36 6 4 5 18 17 16 29 28 30 12 10 11 23 22 24 0
tc2c40s5cf3.xml	459.82	1005.09	-	0 39 37 22 23 24 19 21 20 38 40 29 25 30 26 28 27 4 3 1 6 2 5 11 8 12 7 9 10 32 35 31 36 34 33 15 13 18 14 16 17 0
tc2c40s5ct2.xml	479.50	8.94	-	0 13 14 15 2 1 3 39 37 38 31 32 33 9 7 8 26 27 25 40 35 34 36 6 4 5 18 17 16 19 20 21 29 28 30 12 10 11 23 22 24 0
tc2c40s5ct3.xml	461.18	1005.68	-	0 39 37 22 23 24 19 21 20 38 40 29 25 28 27 26 30 4 3 1 6 2 5 11 8 12 7 9 10 32 35 31 36 34 33 15 13 18 14 16 17 0
tc2c40s8cf2.xml	501.08	1004.19	-	0 13 14 15 2 3 1 39 37 38 31 33 9 7 8 32 26 27 25 40 35 34 36 6 4 5 18 17 16 19 20 21 29 28 30 12 10 11 23 22 24 0
tc2c40s8cf3.xml	460.54	1007.32	-	0 39 37 22 23 24 19 21 20 38 40 29 25 30 26 28 27 4 3 1 6 2 5 11 8 12 7 9 10 32 35 31 36 34 33 15 13 18 14 16 17 0
tc2c40s8ct2.xml	477.97	2.24	-	0 24 22 23 11 10 12 30 28 29 21 19 20 16 17 18 5 4 6 36 34 35 40 25 27 26 8 7 9 33 32 31 38 37 39 3 1 2 15 14 13 0
tc2c40s8ct3.xml	440.91	18.61	-	0 39 37 22 23 24 19 21 20 38 40 29 25 28 27 26 30 4 3 1 6 2 5 11 8 12 7 9 10 32 35 31 36 34 33 15 13 18 14 16 17 0

