tc0c10s2cf1.xml	362.37	0.22	0.0%	0 10 6 1 3 4 9 5 2 7 8 0
tc0c10s2ct1.xml	363.13	0.19	0.0%	0 2 5 9 4 3 1 6 10 8 7 0
tc0c10s3cf1.xml	362.37	0.11	0.0%	0 10 6 1 3 4 9 5 2 7 8 0
tc0c10s3ct1.xml	363.13	0.12	-0.0%	0 7 8 10 6 1 3 4 9 5 2 0
tc1c10s2cf2.xml	273.09	3.08	0.0%	0 8 7 9 2 1 5 3 4 6 10 0
tc1c10s2cf3.xml	354.46	1000.75	0.2%	0 1 7 5 6 9 2 3 8 4 10 0
tc1c10s2cf4.xml	391.39	0.66	-0.0%	0 7 5 9 3 10 8 2 1 4 6 0
tc1c10s2ct2.xml	271.76	0.12	0.0%	0 8 9 7 2 1 5 3 4 6 10 0
tc1c10s2ct3.xml	334.36	22.11	0.0%	0 1 5 7 6 3 2 8 4 9 10 0
tc1c10s2ct4.xml	390.05	0.81	0.0%	0 5 9 3 7 10 8 2 1 4 6 0
tc1c10s3cf2.xml	273.09	3.80	0.0%	0 8 7 9 2 1 5 3 4 6 10 0
tc1c10s3cf3.xml	352.29	779.62	0.0%	0 1 5 7 6 3 2 8 4 9 10 0
tc1c10s3cf4.xml	391.39	0.47	-0.0%	0 7 5 9 3 10 8 2 1 4 6 0
tc1c10s3ct2.xml	271.76	0.11	0.0%	0 8 9 7 2 1 5 3 4 6 10 0
tc1c10s3ct3.xml	327.89	6.16	0.0%	0 1 5 7 6 3 2 8 4 9 10 0
tc1c10s3ct4.xml	389.61	0.66	0.0%	0 5 9 3 7 10 8 2 1 4 6 0
tc2c10s2cf0.xml	278.52	5.53	0.0%	0 9 10 8 6 5 7 2 1 3 4 0
tc2c10s2ct0.xml	275.87	1.09	-0.0%	0 4 3 1 2 7 5 6 8 10 9 0
tc2c10s3cf0.xml	278.52	6.28	0.0%	0 9 10 8 6 5 7 2 1 3 4 0
tc2c10s3ct0.xml	275.53	0.89	-0.0%	0 4 3 1 2 7 5 6 8 10 9 0
tc0c20s3cf2.xml	470.05	1000.92	6.3%	0 1 10 19 15 5 4 3 6 8 9 18 12 20 2 13 17 16 11 14 7 0
tc0c20s3ct2.xml	436.64	138.48	0.0%	0 19 1 10 6 8 14 11 16 13 17 2 18 9 12 20 4 5 15 3 7 0
tc0c20s4cf2.xml	470.05	1000.23	6.3%	0 1 10 19 15 5 4 3 6 8 9 18 12 20 2 13 17 16 11 14 7 0
tc0c20s4ct2.xml	433.27	7.34	0.0%	0 7 3 15 5 4 20 12 9 18 2 17 13 16 11 14 8 6 10 1 19 0
tc1c20s3cf1.xml	383.83	1002.47	1.5%	0 12 13 16 18 14 6 5 8 7 20 9 10 19 17 15 11 3 2 1 4 0
tc1c20s3cf3.xml	394.95	1001.97	5.9%	0 9 10 4 2 1 3 12 14 20 17 6 8 16 11 7 5 18 19 15 13 0
tc1c20s3cf4.xml	530.62	1001.17	13.8%	0 12 20 9 10 8 7 16 17 14 11 18 13 15 5 2 4 6 1 3 19 0
tc1c20s3ct1.xml	440.03	1000.36	14.1%	0 12 13 16 18 14 9 10 19 7 6 5 8 20 17 15 11 2 3 4 1 0
tc1c20s3ct3.xml	367.64	19.45	0.0%	0 13 15 19 8 16 11 7 5 18 6 17 20 14 3 12 4 1 2 10 9 0
tc1c20s3ct4.xml	529.75	1001.58	13.7%	0 12 20 9 8 7 10 16 17 14 18 11 13 15 6 1 2 5 4 3 19 0
tc1c20s4cf1.xml	383.83	1001.41	1.5%	0 12 13 16 18 14 9 10 19 7 6 5 8 20 17 15 11 3 1 4 2 0
tc1c20s4cf3.xml	394.95	1005.28	5.9%	0 9 10 4 2 1 3 12 14 20 17 6 8 16 11 7 5 18 19 15 13 0
tc1c20s4cf4.xml	530.62	1000.48	13.8%	0 12 20 9 10 8 7 16 17 14 11 18 13 15 5 2 4 6 1 3 19 0
tc1c20s4ct1.xml	405.42	1004.06	6.7%	0 2 4 1 3 11 15 17 19 10 9 6 5 8 20 7 14 18 16 13 12 0
tc1c20s4ct3.xml	395.09	1005.69	6.0%	0 9 10 4 1 2 3 12 14 20 17 6 8 16 11 7 5 18 19 15 13 0
tc1c20s4ct4.xml	545.22	1001.25	16.1%	0 19 3 1 2 6 4 5 15 13 18 11 14 17 16 10 8 7 9 20 12 0
tc2c20s3cf0.xml	368.89	712.83	-0.0%	0 17 18 16 8 9 7 5 4 6 14 13 15 10 12 11 2 1 3 19 20 0
tc2c20s3ct0.xml	362.95	0.16	0.0%	0 17 18 16 8 9 7 5 4 6 14 13 15 10 12 11 2 1 3 19 20 0
tc2c20s4cf0.xml	368.89	715.22	-0.0%	0 17 18 16 8 9 7 5 4 6 14 13 15 10 12 11 2 1 3 19 20 0
tc2c20s4ct0.xml	362.95	0.16	0.0%	0 17 18 16 8 9 7 5 4 6 14 13 15 10 12 11 2 1 3 19 20 0
tc0c40s5cf0.xml	687.14	1001.08	9.6%	0 25 1 32 24 14 28 18 27 9 23 6 8 36 19 26 20 13 34 10 30 35 3 12 5 2 21 22 33 4 38 16 40 11 29 31 7 37 15 39 17 0
tc0c40s5cf4.xml	641.32	1002.78	2.7%	0 11 9 32 21 10 35 38 1 16 28 20 8 36 17 31 15 33 3 37 25 22 6 34 39 30 27 2 14 7 12 26 40 13 5 19 23 24 29 18 4 0
tc0c40s5ct0.xml	644.81	1003.03	3.7%	0 25 1 32 24 14 18 28 27 9 23 6 8 36 19 26 20 13 34 10 35 3 30 40 16 12 5 2 21 22 33 4 38 11 29 31 7 37 15 39 17 0
tc0c40s5ct4.xml	641.06	1001.06	2.7%	0 11 9 32 21 10 35 38 1 16 28 20 8 36 17 31 15 33 3 37 25 22 6 34 39 30 27 2 14 7 12 26 40 13 5 19 23 24 29 18 4 0
tc0c40s8cf0.xml	677.35	1004.80	8.3%	0 25 1 32 24 14 28 18 27 9 23 6 8 36 19 26 20 13 34 10 35 3 30 40 16 12 5 2 21 22 4 33 38 11 29 37 31 7 15 39 17 0
tc0c40s8cf4.xml	623.45	582.81	0.0%	0 4 18 29 23 19 5 13 40 26 12 7 14 2 27 30 39 34 6 22 25 37 3 33 31 15 17 36 8 20 38 1 28 16 35 10 21 32 11 9 24 0
tc0c40s8ct0.xml	617.00	23.48	-0.0%	0 25 1 32 24 14 27 28 18 9 23 6 8 36 19 26 13 20 34 10 35 3 30 40 16 12 5 2 21 22 33 4 38 11 29 31 7 37 15 39 17 0
tc0c40s8ct4.xml	649.07	1005.16	3.9%	0 4 18 29 24 23 19 5 13 40 26 12 7 14 2 30 27 39 34 6 22 25 37 3 33 31 15 17 36 8 20 38 1 28 16 35 10 21 32 9 11 0
tc1c40s5cf1.xml	694.65	1001.06	8.6%	0 16 18 17 38 30 29 35 9 8 7 26 10 11 12 34 39 28 33 25 14 15 13 40 27 2 1 3 24 6 5 4 22 32 37 21 36 19 20 31 23 0
tc1c40s5ct1.xml	661.58	1001.98	4.0%	0 23 31 36 21 37 32 20 19 22 4 5 6 24 1 3 2 27 40 15 13 14 25 33 28 39 34 12 11 10 26 7 9 8 35 29 30 38 17 16 18 0
tc1c40s8cf1.xml	661.38	1001.31	4.0%	0 23 31 36 21 37 32 19 20 22 4 5 6 24 1 3 2 27 40 15 13 14 25 33 28 39 34 12 11 10 26 8 9 7 35 29 30 38 16 17 18 0
tc1c40s8ct1.xml	638.44	1004.70	0.5%	0 16 18 17 38 30 29 35 8 9 7 26 24 10 11 12 34 39 28 33 25 14 15 13 40 27 2 1 3 6 5 4 22 32 37 21 36 19 20 31 23 0
tc2c40s5cf2.xml	516.65	1005.22	7.0%	0 24 22 23 11 10 12 29 28 30 19 20 21 16 17 18 5 4 6 36 34 35 40 25 27 26 8 7 9 33 32 31 38 39 37 3 1 2 14 15 13 0
tc2c40s5cf3.xml	462.01	1005.75	4.4%	0 17 16 14 18 13 15 34 36 33 35 31 32 10 9 7 12 8 11 5 2 6 1 3 4 26 25 30 28 27 29 40 38 20 21 19 24 23 22 37 39 0
tc2c40s5ct2.xml	477.88	0.81	0.0%	0 22 24 23 11 10 12 30 28 29 19 20 21 16 17 18 5 4 6 36 34 35 40 25 27 26 8 7 9 33 32 31 38 39 37 3 1 2 15 14 13 0
tc2c40s5ct3.xml	463.19	1011.14	4.6%	0 39 37 20 21 19 24 23 22 38 40 29 25 28 27 30 26 4 3 1 6 2 5 11 8 12 7 9 10 32 31 35 33 36 34 15 13 18 14 16 17 0
tc2c40s8cf2.xml	506.49	1005.20	5.1%	0 13 14 15 2 1 3 37 39 38 31 32 33 9 7 8 26 27 25 40 35 34 36 6 4 5 18 17 16 21 19 20 29 28 30 12 10 22 24 23 11 0
tc2c40s8cf3.xml	462.01	1005.06	4.4%	0 17 16 14 18 13 15 34 36 33 35 31 32 10 9 7 12 8 11 5 2 6 1 3 4 26 30 27 28 25 29 40 20 21 19 24 23 22 38 37 39 0
tc2c40s8ct2.xml	477.88	0.80	0.0%	0 22 24 23 11 10 12 30 28 29 19 20 21 16 17 18 5 4 6 36 34 35 40 25 27 26 8 7 9 33 32 31 38 39 37 3 1 2 15 14 13 0
tc2c40s8ct3.xml	441.44	389.97	0.0%	0 39 37 22 23 24 19 21 20 38 40 29 25 30 28 27 26 4 3 1 6 2 5 11 8 12 7 9 10 32 35 31 36 34 33 15 13 18 14 16 17 0

tc0c10s2cf1.xml	389.59	40.09	0.0%	0 10 6 1 3 4 9 5 2 7 8 0
tc0c10s2ct1.xml	376.85	1.98	0.0%	0 2 5 9 4 3 1 6 10 8 7 0
tc0c10s3cf1.xml	389.59	38.41	0.0%	0 10 6 1 3 4 9 5 2 7 8 0
tc0c10s3ct1.xml	379.06	5.55	0.0%	0 10 6 1 3 4 9 5 2 7 8 0
tc1c10s2cf2.xml	270.07	0.22	0.0%	0 8 7 9 2 1 3 5 4 6 10 0
tc1c10s2cf3.xml	344.62	503.53	-0.0%	0 10 9 4 8 2 3 6 7 5 1 0
tc1c10s2cf4.xml	392.32	2.38	0.0%	0 6 4 1 2 8 10 7 3 9 5 0
tc1c10s2ct2.xml	270.82	2.78	0.0%	0 8 7 9 2 1 3 5 4 6 10 0
tc1c10s2ct3.xml	316.43	2.84	-0.0%	0 10 9 4 8 2 3 6 7 5 1 0
tc1c10s2ct4.xml	385.93	1.36	0.0%	0 6 4 1 2 8 10 7 3 9 5 0
tc1c10s3cf2.xml	270.07	0.19	0.0%	0 8 7 9 2 1 3 5 4 6 10 0
tc1c10s3cf3.xml	343.68	499.03	0.0%	0 1 5 7 6 3 2 8 4 9 10 0
tc1c10s3cf4.xml	392.19	2.28	0.0%	0 6 4 1 2 8 10 3 9 5 7 0
tc1c10s3ct2.xml	270.08	0.19	0.0%	0 8 7 9 2 1 3 5 4 6 10 0
tc1c10s3ct3.xml	314.15	2.86	-0.0%	0 10 9 4 8 2 3 6 7 5 1 0
tc1c10s3ct4.xml	385.50	0.73	0.0%	0 5 9 3 7 10 8 2 1 4 6 0
tc2c10s2cf0.xml	277.73	45.48	-0.0%	0 10 9 6 8 5 7 2 1 3 4 0
tc2c10s2ct0.xml	265.80	0.34	0.0%	0 9 10 3 4 1 2 7 5 6 8 0
tc2c10s3cf0.xml	277.73	45.61	-0.0%	0 10 9 6 8 5 7 2 1 3 4 0
tc2c10s3ct0.xml	266.13	0.36	0.0%	0 8 6 5 7 2 1 4 3 10 9 0
tc0c20s3cf2.xml	456.80	1005.81	5.4%	0 7 3 15 5 4 20 12 9 18 2 13 17 16 11 14 8 6 19 1 10 0
tc0c20s3ct2.xml	425.95	20.98	0.0%	0 7 6 8 3 15 5 4 20 12 9 18 2 17 13 16 11 14 10 1 19 0
tc0c20s4cf2.xml	456.39	1000.94	5.3%	0 1 19 10 6 8 9 14 11 16 17 13 2 18 12 20 4 5 15 3 7 0
tc0c20s4ct2.xml	422.72	1.12	0.0%	0 7 6 8 3 15 5 4 20 12 9 18 2 17 13 16 11 14 10 1 19 0
tc1c20s3cf1.xml	420.26	1000.05	8.3%	0 2 1 4 3 11 15 17 19 20 5 6 8 7 9 10 14 18 16 13 12 0
tc1c20s3cf3.xml	393.99	1000.08	5.8%	0 9 10 4 1 2 12 3 14 20 17 6 18 5 7 16 11 8 19 15 13 0
tc1c20s3cf4.xml	522.21	1000.47	12.2%	0 19 3 6 1 2 5 4 15 13 18 11 14 17 16 8 10 7 9 20 12 0
tc1c20s3ct1.xml	451.86	1002.86	14.7%	0 12 13 16 18 14 9 10 19 7 6 5 8 20 17 15 11 2 4 3 1 0
tc1c20s3ct3.xml	366.95	37.77	0.0%	0 9 10 2 1 4 12 3 14 20 17 6 18 5 7 11 16 8 19 15 13 0
tc1c20s3ct4.xml	519.18	1003.75	11.7%	0 12 20 9 7 8 10 16 17 14 11 18 13 15 2 6 5 1 4 3 19 0
tc1c20s4cf1.xml	389.93	1001.73	1.3%	0 2 3 1 4 11 15 17 19 10 9 7 20 8 6 5 14 18 16 13 12 0
tc1c20s4cf3.xml	393.99	1002.03	5.9%	0 10 9 2 1 4 12 3 14 20 17 6 7 16 11 8 5 18 19 15 13 0
tc1c20s4cf4.xml	521.76	1001.50	12.1%	0 12 20 9 8 7 10 16 17 14 11 18 13 15 1 6 4 5 2 3 19 0
tc1c20s4ct1.xml	410.94	1000.80	6.3%	0 12 13 16 18 14 9 10 7 6 5 8 20 19 17 15 11 3 1 4 2 0
tc1c20s4ct3.xml	380.23	1001.98	2.5%	0 13 15 19 18 5 8 16 11 7 6 17 20 14 3 12 1 2 4 9 10 0
tc1c20s4ct4.xml	531.53	1004.67	13.8%	0 19 3 5 1 6 4 2 15 13 18 11 14 17 16 8 10 7 9 20 12 0
tc2c20s3cf0.xml	368.90	1003.56	0.9%	0 17 18 16 7 9 8 5 4 6 10 14 15 13 11 12 1 3 2 19 20 0
tc2c20s3ct0.xml	364.09	117.19	0.0%	0 20 19 3 1 2 11 12 10 15 13 14 6 4 5 9 7 8 18 16 17 0
tc2c20s4cf0.xml	368.87	1001.97	0.9%	0 20 19 2 1 3 11 12 10 15 13 14 6 4 5 9 8 7 16 18 17 0
tc2c20s4ct0.xml	365.22	539.92	0.0%	0 17 16 18 8 7 9 5 4 6 14 13 15 10 12 11 2 1 3 19 20 0
tc0c40s5cf0.xml	694.27	1002.98	10.7%	0 17 39 15 37 31 7 29 11 38 33 4 22 21 2 5 12 40 16 30 35 3 10 34 20 13 26 19 36 8 6 23 9 27 18 28 14 24 32 1 25 0
tc0c40s5cf4.xml	640.81	1000.22	3.5%	0 4 29 18 23 19 5 13 40 26 12 7 14 2 27 30 39 34 6 22 25 37 3 33 31 15 17 36 8 20 38 1 28 16 35 10 21 32 11 9 24 0
tc0c40s5ct0.xml	650.01	1005.89	4.6%	0 25 1 32 24 14 28 18 27 9 23 6 8 36 19 26 20 13 34 10 3 35 30 40 16 12 5 2 22 21 4 33 38 11 29 31 7 37 15 39 17 0
tc0c40s5ct4.xml	638.61	1003.69	3.2%	0 11 9 32 21 10 35 16 28 1 38 20 8 36 17 31 15 33 3 37 25 22 6 34 39 27 30 2 14 7 12 26 40 13 5 19 23 24 29 18 4 0
tc0c40s8cf0.xml	675.15	1001.73	8.1%	0 25 1 32 24 14 28 18 27 9 23 6 8 36 19 26 13 20 34 10 3 35 30 16 40 12 5 2 21 22 4 33 38 11 29 7 31 37 15 39 17 0
tc0c40s8cf4.xml	634.27	1001.70	2.5%	0 4 29 18 24 23 19 5 13 40 26 12 7 14 2 27 30 39 34 6 22 25 37 3 33 15 31 17 36 8 20 1 38 16 28 35 10 21 32 9 11 0
tc0c40s8ct0.xml	616.68	72.33	0.0%	0 17 39 15 37 7 31 29 11 38 4 33 22 21 2 5 12 16 40 30 35 3 10 34 13 20 26 19 36 8 6 23 9 27 18 28 14 24 32 1 25 0
tc0c40s8ct4.xml	650.50	1004.06	5.0%	0 4 18 29 24 23 19 5 13 40 26 12 7 14 2 30 27 39 34 6 22 25 37 3 33 15 31 17 36 8 20 38 1 28 16 35 10 21 32 11 9 0
tc1c40s5cf1.xml	688.26	1005.97	7.8%	0 18 17 16 38 30 35 29 7 8 9 26 10 11 12 34 39 28 33 25 14 13 15 40 27 2 3 1 24 5 6 4 22 32 37 21 36 19 20 31 23 0
tc1c40s5ct1.xml	663.86	1001.53	4.4%	0 23 31 36 19 20 22 32 21 37 27 40 15 13 14 25 33 28 39 34 12 10 11 1 3 2 4 5 6 24 26 7 9 8 29 35 30 38 16 17 18 0
tc1c40s8cf1.xml	659.76	1007.91	3.8%	0 23 31 20 19 36 21 37 32 22 4 5 6 24 1 3 2 27 40 15 13 14 25 33 28 39 34 12 11 10 26 8 9 7 29 35 30 38 16 17 18 0
tc1c40s8ct1.xml	646.43	1003.16	1.8%	0 23 31 20 19 36 21 37 32 22 4 5 6 24 1 3 2 27 40 15 13 14 25 33 28 39 34 12 11 10 26 8 9 7 29 35 30 38 16 17 18 0
tc2c40s5cf2.xml	505.87	1005.36	6.5%	0 15 13 14 2 1 3 39 37 38 31 33 32 9 7 8 26 27 25 40 35 34 36 6 4 5 18 17 16 19 20 21 29 28 30 12 10 11 22 24 23 0
tc2c40s5cf3.xml	453.55	1003.94	4.1%	0 17 16 14 18 13 15 33 36 34 31 35 32 10 9 7 12 8 11 5 2 6 1 3 4 30 26 27 28 25 29 40 38 20 21 19 24 23 22 37 39 0
tc2c40s5ct2.xml	469.28	2.83	0.0%	0 23 22 24 11 10 12 30 28 29 21 20 19 16 17 18 5 4 6 36 34 35 40 25 27 26 8 7 9 33 32 31 38 37 39 3 1 2 14 13 15 0
tc2c40s5ct3.xml	453.61	1003.42	4.1%	0 39 37 22 23 24 19 21 20 38 40 29 25 28 27 26 30 4 3 1 6 2 5 11 8 12 7 9 10 32 35 31 34 36 33 15 13 18 14 16 17 0
tc2c40s8cf2.xml	495.31	1004.22	4.5%	0 15 13 14 2 1 3 39 37 38 31 32 33 9 7 8 26 27 25 40 35 34 36 6 4 5 18 17 16 21 19 20 28 29 30 12 10 11 22 24 23 0
tc2c40s8cf3.xml	454.18	1004.47	4.2%	0 17 16 18 14 13 15 33 34 36 31 35 32 10 9 7 12 8 11 5 2 6 1 3 4 30 28 27 29 25 26 40 38 22 23 24 19 21 20 37 39 0
tc2c40s8ct2.xml	469.27	2.66	0.0%	0 23 22 24 11 10 12 30 28 29 21 20 19 16 17 18 5 4 6 36 34 35 40 25 27 26 8 7 9 33 32 31 38 37 39 3 1 2 14 13 15 0
tc2c40s8ct3.xml	435.31	1005.55	0.1%	0 17 16 18 14 13 15 33 34 36 31 35 32 10 9 7 12 8 11 5 2 6 1 3 4 30 28 27 26 25 29 40 38 20 21 19 24 23 22 37 39 0

tc0c10s2cf1.xml	369.45	18.42	0.0%	0 10 6 1 3 4 9 5 2 7 8 0
tc0c10s2ct1.xml	364.08	3.84	0.0%	0 2 5 9 4 3 1 6 10 8 7 0
tc0c10s3cf1.xml	369.45	18.36	0.0%	0 10 6 1 3 4 9 5 2 7 8 0
tc0c10s3ct1.xml	365.40	3.94	0.0%	0 10 6 1 3 4 9 5 2 7 8 0
tc1c10s2cf2.xml	274.20	49.03	0.0%	0 10 6 4 3 5 1 2 9 7 8 0
tc1c10s2cf3.xml	349.81	977.52	0.0%	0 10 9 4 8 2 3 6 7 5 1 0
tc1c10s2cf4.xml	392.82	8.48	0.0%	0 7 5 9 3 10 8 2 1 4 6 0
tc1c10s2ct2.xml	271.96	4.05	0.0%	0 8 9 7 2 1 5 3 4 6 10 0
tc1c10s2ct3.xml	324.19	17.61	0.0%	0 1 5 7 6 3 2 8 4 9 10 0
tc1c10s2ct4.xml	388.38	6.00	0.0%	0 5 9 3 7 10 8 2 1 4 6 0
tc1c10s3cf2.xml	274.20	49.61	0.0%	0 10 6 4 3 5 1 2 9 7 8 0
tc1c10s3cf3.xml	350.99	1002.31	0.2%	0 10 9 8 3 2 4 6 5 1 7 0
tc1c10s3cf4.xml	390.55	8.03	-0.0%	0 6 4 1 2 8 10 3 9 5 7 0
tc1c10s3ct2.xml	271.96	3.59	0.0%	0 8 9 7 2 1 5 3 4 6 10 0
tc1c10s3ct3.xml	320.26	10.22	-0.0%	0 1 5 7 6 3 2 8 4 9 10 0
tc1c10s3ct4.xml	387.93	5.89	0.0%	0 5 9 3 7 10 8 2 1 4 6 0
tc2c10s2cf0.xml	275.64	19.81	0.0%	0 9 10 8 6 5 7 2 1 3 4 0
tc2c10s2ct0.xml	273.01	5.95	0.0%	0 4 3 1 2 7 5 6 8 10 9 0
tc2c10s3cf0.xml	275.64	19.88	0.0%	0 9 10 8 6 5 7 2 1 3 4 0
tc2c10s3ct0.xml	272.39	3.84	0.0%	0 4 3 1 2 7 5 8 6 10 9 0
tc0c20s3cf2.xml	466.85	1004.66	6.5%	0 19 15 5 4 3 6 8 9 18 20 12 2 17 13 16 11 14 10 1 7 0
tc0c20s3ct2.xml	434.67	373.42	0.0%	0 7 6 8 3 15 5 4 20 12 9 18 2 17 13 16 11 14 10 1 19 0
tc0c20s4cf2.xml	466.72	1006.44	6.5%	0 3 15 5 4 20 12 18 9 2 17 13 16 11 14 8 6 7 10 1 19 0
tc0c20s4ct2.xml	431.46	32.25	0.0%	0 7 6 8 3 15 5 4 20 12 9 18 2 17 13 16 11 14 10 1 19 0
tc1c20s3cf1.xml	410.47	1001.50	7.4%	0 2 1 4 3 11 15 17 19 20 8 6 5 7 10 9 14 18 16 13 12 0
tc1c20s3cf3.xml	393.99	1002.47	6.4%	0 13 15 19 18 5 8 16 11 7 6 17 20 14 3 12 1 2 4 9 10 0
tc1c20s3cf4.xml	514.30	1005.28	11.8%	0 19 1 6 3 4 5 2 15 13 18 11 14 17 16 10 7 8 9 20 12 0
tc1c20s3ct1.xml	444.54	1002.70	14.5%	0 12 13 16 18 14 6 5 7 8 20 9 10 19 17 15 11 4 1 3 2 0
tc1c20s3ct3.xml	365.32	75.69	0.0%	0 9 10 2 1 4 12 3 14 20 17 6 18 5 7 11 16 8 19 15 13 0
tc1c20s3ct4.xml	517.87	1001.84	12.4%	0 19 3 5 4 1 6 2 15 13 18 11 14 17 16 7 8 10 9 20 12 0
tc1c20s4cf1.xml	387.06	1002.36	1.8%	0 1 2 3 4 11 15 17 19 20 7 5 8 6 10 9 14 18 16 13 12 0
tc1c20s4cf3.xml	393.99	1003.41	6.4%	0 13 15 19 18 5 8 16 11 7 6 17 20 14 3 12 1 4 2 9 10 0
tc1c20s4cf4.xml	514.03	1004.31	11.8%	0 19 3 1 6 2 4 5 15 13 18 11 14 17 16 10 7 8 9 20 12 0
tc1c20s4ct1.xml	408.27	1003.02	6.9%	0 2 3 1 4 11 15 17 19 10 9 20 8 7 5 6 14 18 16 13 12 0
tc1c20s4ct3.xml	382.64	1002.38	3.7%	0 10 9 4 2 1 12 3 14 20 17 6 7 11 16 8 5 18 19 15 13 0
tc1c20s4ct4.xml	527.44	1002.81	14.0%	0 19 3 1 6 2 4 5 15 13 18 11 14 17 16 10 7 8 9 20 12 0
tc2c20s3cf0.xml	369.03	1002.88	0.7%	0 17 18 16 9 7 8 5 4 6 14 15 10 13 11 12 2 1 3 19 20 0
tc2c20s3ct0.xml	364.27	129.59	0.0%	0 20 19 3 1 2 11 12 10 15 13 14 6 4 5 7 9 8 16 18 17 0
tc2c20s4cf0.xml	368.82	1005.41	0.6%	0 17 18 16 9 7 8 5 4 6 14 15 10 13 11 12 2 1 3 19 20 0
tc2c20s4ct0.xml	366.68	1000.47	0.0%	0 20 19 1 3 2 12 11 10 15 13 14 6 4 5 8 7 9 16 18 17 0
tc0c40s5cf0.xml	710.77	1001.81	12.8%	0 25 1 32 24 14 27 28 18 9 23 6 8 36 19 20 26 13 34 10 3 35 30 40 16 12 5 2 21 22 33 4 38 11 29 31 7 37 15 39 17 0
tc0c40s5cf4.xml	644.11	1011.14	3.7%	0 9 11 32 21 10 35 1 38 28 16 20 8 36 17 31 15 33 3 37 25 22 6 34 39 30 27 2 14 7 12 26 40 13 5 19 23 24 29 18 4 0
tc0c40s5ct0.xml	651.18	1012.17	4.8%	0 25 1 32 24 14 28 18 27 9 23 6 8 36 19 26 13 20 34 10 3 35 30 40 16 12 5 2 21 22 4 33 38 11 29 7 31 37 15 39 17 0
tc0c40s5ct4.xml	640.91	1007.97	3.3%	0 9 11 32 21 10 35 16 28 38 1 20 8 15 31 33 3 37 25 22 34 6 17 36 39 30 27 2 14 7 12 26 40 13 5 19 23 24 29 18 4 0
tc0c40s8cf0.xml	683.93	1005.39	9.4%	0 25 1 32 24 14 28 18 27 9 23 6 8 36 19 26 13 20 34 10 3 35 30 16 40 12 5 2 21 22 33 4 38 11 29 31 7 37 15 39 17 0
tc0c40s8cf4.xml	633.87	1012.64	2.2%	0 4 18 29 24 23 19 5 13 40 26 12 7 14 2 27 30 39 36 17 6 34 22 25 37 3 33 31 15 8 20 1 38 28 16 35 10 21 32 11 9 0
tc0c40s8ct0.xml	618.36	356.98	0.0%	0 17 39 15 37 7 31 29 11 38 4 33 22 21 2 5 12 16 40 30 35 3 10 34 13 20 26 19 36 8 6 23 9 18 28 27 14 24 32 1 25 0
tc0c40s8ct4.xml	653.01	1010.47	5.1%	0 4 18 29 23 19 5 13 40 26 12 7 14 2 27 30 39 34 6 22 25 37 3 33 31 15 17 36 8 20 1 38 28 16 35 10 21 32 11 9 24 0
tc1c40s5cf1.xml	693.35	1007.05	8.7%	0 23 31 36 20 19 22 32 21 37 27 40 15 13 14 25 33 28 39 34 12 11 10 1 3 2 4 5 6 24 26 7 8 9 35 29 30 38 17 16 18 0
tc1c40s5ct1.xml	661.14	1010.98	4.3%	0 18 16 17 38 30 29 35 8 9 7 26 10 11 12 34 39 28 33 25 14 13 15 40 27 2 3 1 24 6 5 4 22 20 19 32 37 21 36 31 23 0
tc1c40s8cf1.xml	659.60	1004.45	4.0%	0 23 31 36 20 19 22 32 21 37 27 40 13 15 14 25 33 28 39 34 10 11 12 1 3 2 4 5 6 24 26 7 9 8 35 29 30 38 16 17 18 0
tc1c40s8ct1.xml	644.44	1002.30	1.8%	0 18 16 17 38 30 29 35 8 9 7 26 10 11 12 34 39 28 33 25 14 13 15 40 27 2 3 1 24 6 5 4 22 20 19 32 37 21 36 31 23 0
tc2c40s5cf2.xml	515.84	1005.92	7.2%	0 13 14 15 2 1 3 37 39 38 31 32 33 9 7 8 26 27 25 40 35 34 36 6 4 5 18 17 16 20 19 21 29 28 30 12 10 11 22 24 23 0
tc2c40s5cf3.xml	459.82	1011.83	4.2%	0 39 37 22 23 24 19 21 20 38 40 29 28 27 26 25 30 4 3 1 6 2 5 11 8 12 7 9 10 32 35 31 36 34 33 15 13 18 14 16 17 0
tc2c40s5ct2.xml	479.50	1000.59	0.1%	0 13 15 14 2 1 3 37 39 38 31 32 33 9 7 8 26 27 25 40 35 34 36 6 4 5 18 17 16 20 19 21 29 28 30 12 10 11 23 22 24 0
tc2c40s5ct3.xml	461.18	1007.33	4.5%	0 39 37 22 23 24 19 21 20 38 40 27 28 29 25 26 30 4 3 1 6 2 5 11 8 12 7 9 10 32 35 31 36 34 33 15 13 18 14 16 17 0
tc2c40s8cf2.xml	504.27	1010.00	5.1%	0 24 22 23 11 10 12 30 28 29 19 20 21 16 17 18 5 4 6 36 34 35 40 25 27 26 8 7 9 33 32 31 38 37 39 3 1 2 14 13 15 0
tc2c40s8cf3.xml	460.54	1008.06	4.4%	0 39 37 22 23 24 19 21 20 38 40 29 28 27 26 25 30 4 3 1 6 2 5 11 8 12 7 9 10 32 35 31 36 34 33 15 13 18 14 16 17 0
tc2c40s8ct2.xml	477.97	303.14	0.0%	0 13 14 15 2 1 3 39 37 38 31 32 33 9 7 8 26 27 25 40 35 34 36 6 4 5 18 17 16 20 19 21 29 28 30 12 10 11 23 22 24 0
tc2c40s8ct3.xml	440.91	1011.47	0.1%	0 39 37 22 23 24 19 21 20 38 40 29 25 28 27 26 30 4 3 1 6 2 5 11 8 12 7 9 10 32 35 31 36 34 33 15 13 14 18 16 17 0

