tc0c10s2cf1.xml	362.37	0.31	0.0%	0 10 6 1 3 4 9 5 2 7 8 0
tc0c10s2ct1.xml	363.13	0.21	0.0%	0 2 5 9 4 3 1 6 10 8 7 0
tc0c10s3cf1.xml	362.37	0.30	0.0%	0 10 6 1 3 4 9 5 2 7 8 0
tc0c10s3ct1.xml	363.13	0.20	0.0%	0 7 8 10 6 1 3 4 9 5 2 0
tc1c10s2cf2.xml	273.09	0.46	0.0%	0 10 6 4 3 5 1 2 9 7 8 0
tc1c10s2cf3.xml	354.46	12.58	0.0%	0 10 9 4 8 2 3 6 7 5 1 0
tc1c10s2cf4.xml	391.39	0.16	0.0%	0 6 4 1 2 8 10 3 9 5 7 0
tc1c10s2ct2.xml	271.76	0.23	0.0%	0 8 9 7 2 1 5 3 4 6 10 0
tc1c10s2ct3.xml	334.36	1.24	0.0%	0 10 9 4 8 2 3 6 7 5 1 0
tc1c10s2ct4.xml	390.05	0.19	0.0%	0 6 4 1 2 8 10 7 3 9 5 0
tc1c10s3cf2.xml	273.09	0.43	0.0%	0 10 6 4 3 5 1 2 9 7 8 0
tc1c10s3cf3.xml	352.29	10.46	0.0%	0 1 5 7 6 3 2 8 4 9 10 0
tc1c10s3cf4.xml	391.39	0.14	0.0%	0 6 4 1 2 8 10 3 9 5 7 0
tc1c10s3ct2.xml	271.76	0.17	0.0%	0 8 9 7 2 1 5 3 4 6 10 0
tc1c10s3ct3.xml	327.89	0.56	0.0%	0 10 9 4 8 2 3 6 7 5 1 0
tc1c10s3ct4.xml	389.61	0.18	0.0%	0 5 9 3 7 10 8 2 1 4 6 0
tc2c10s2cf0.xml	278.52	0.66	0.0%	0 9 10 8 6 5 7 2 1 3 4 0
tc2c10s2ct0.xml	275.87	0.19	0.0%	0 4 3 1 2 7 5 6 8 10 9 0
tc2c10s3cf0.xml	278.52	0.66	0.0%	0 9 10 8 6 5 7 2 1 3 4 0
tc2c10s3ct0.xml	275.53	0.19	0.0%	0 4 3 1 2 7 5 6 8 10 9 0
tc0c20s3cf2.xml	470.05	1010.88	4.7%	0 19 1 10 6 8 14 11 16 13 17 2 18 9 12 20 4 5 15 3 7 0
tc0c20s3ct2.xml	436.64	13.24	0.0%	0 7 3 15 5 4 20 12 9 18 2 17 13 16 11 14 8 6 10 1 19 0
tc0c20s4cf2.xml	470.05	1005.07	4.8%	0 19 1 10 6 8 14 11 16 13 17 2 18 9 12 20 4 5 15 3 7 0
tc0c20s4ct2.xml	433.27	5.87	0.0%	0 7 3 15 5 4 20 12 9 18 2 17 13 16 11 14 8 6 10 1 19 0
tc1c20s3cf1.xml	383.83	198.65	0.0%	0 2 3 1 4 11 15 17 20 8 5 6 7 19 10 9 14 18 16 13 12 0
tc1c20s3cf3.xml	394.95	1007.60	5.0%	0 9 10 2 1 4 12 3 14 20 17 6 5 7 11 16 8 18 19 15 13 0
tc1c20s3cf4.xml	498.24	1006.98	7.7%	0 20 12 19 3 1 6 5 4 2 15 13 18 11 14 17 16 10 9 7 8 0
tc1c20s3ct1.xml	440.03	1000.34	13.6%	0 12 13 16 18 14 6 5 8 20 7 9 10 19 17 15 11 4 1 3 2 0
tc1c20s3ct3.xml	367.64	4.49	0.0%	0 9 10 2 1 4 12 3 14 20 17 6 18 5 7 11 16 8 19 15 13 0
tc1c20s3ct4.xml	525.79	1005.84	12.5%	0 20 12 8 7 9 10 16 17 14 11 18 13 15 2 5 4 1 6 3 19 0
tc1c20s4cf1.xml	383.83	197.49	0.0%	0 2 3 1 4 11 15 17 20 8 5 6 7 19 10 9 14 18 16 13 12 0
tc1c20s4cf3.xml	394.95	1000.74	5.0%	0 9 10 2 1 4 12 3 14 20 17 6 5 7 11 16 8 18 19 15 13 0
tc1c20s4cf4.xml	506.62	1003.69	9.2%	0 20 12 8 10 7 9 16 17 14 11 18 13 15 2 5 4 6 1 3 19 0
tc1c20s4ct1.xml	405.42	1000.18	5.6%	0 2 3 1 4 11 15 17 20 8 5 6 7 19 10 9 14 18 16 13 12 0
tc1c20s4ct3.xml	395.09	1008.16	5.1%	0 13 15 19 18 8 16 11 7 5 6 17 20 14 3 12 4 1 2 10 9 0
tc1c20s4ct4.xml	521.87	1002.54	11.8%	0 20 9 7 8 10 16 17 14 11 18 13 19 3 6 1 4 5 2 15 12 0
tc2c20s3cf0.xml	368.89	19.06	0.0%	0 20 19 3 1 2 11 12 10 15 13 14 6 4 5 7 9 8 16 18 17 0
tc2c20s3ct0.xml	362.95	0.25	0.0%	0 20 19 3 1 2 11 12 10 15 13 14 6 4 5 7 9 8 16 18 17 0
tc2c20s4cf0.xml	368.89	18.98	0.0%	0 20 19 3 1 2 11 12 10 15 13 14 6 4 5 7 9 8 16 18 17 0
tc2c20s4ct0.xml	362.95	0.25	0.0%	0 20 19 3 1 2 11 12 10 15 13 14 6 4 5 7 9 8 16 18 17 0
tc0c40s5cf0.xml	687.14	1012.69	9.8%	0 25 1 32 24 14 27 28 18 9 23 6 8 36 19 26 13 20 34 10 3 35 30 40 16 38 4 33 12 5 2 21 22 11 29 31 7 37 15 39 17 0
tc0c40s5cf4.xml	641.32	1005.21	2.5%	0 4 18 29 24 23 19 5 13 40 26 12 7 14 2 27 30 39 34 6 22 25 37 3 33 31 15 17 36 8 20 38 1 28 16 35 10 21 32 11 9 0
tc0c40s5ct0.xml	644.81	1007.33	3.7%	0 17 39 15 37 7 31 29 11 38 4 33 22 21 2 5 12 16 40 30 3 35 10 34 20 13 26 19 36 8 6 23 9 18 28 27 14 24 32 1 25 0
tc0c40s5ct4.xml	632.18	1009.41	1.1%	0 4 18 29 24 23 19 5 13 40 26 12 7 14 2 27 30 39 36 17 6 34 22 25 37 3 33 31 15 8 38 1 20 28 16 35 10 21 32 11 9 0
tc0c40s8cf0.xml	677.35	1009.87	8.5%	0 17 39 15 37 7 31 29 11 22 21 2 5 12 33 4 38 16 40 30 35 3 10 34 20 13 26 19 36 8 6 23 9 18 28 27 14 24 32 1 25 0
tc0c40s8cf4.xml	623.45	62.47	0.0%	0 4 18 29 23 19 5 13 40 26 12 7 14 2 27 30 39 34 6 22 25 37 3 33 31 15 17 36 8 20 38 1 28 16 35 10 21 32 11 9 24 0
tc0c40s8ct0.xml	617.00	12.12	0.0%	0 17 39 15 37 7 31 29 11 38 4 33 22 21 2 5 12 16 40 30 3 35 10 34 20 13 26 19 36 8 6 23 9 18 28 27 14 24 32 1 25 0
tc0c40s8ct4.xml	649.07	1001.03	3.8%	0 24 9 11 32 21 10 35 16 28 1 38 20 8 15 31 33 3 37 25 22 34 6 17 36 39 30 27 2 14 7 12 26 40 13 5 19 23 29 18 4 0
tc1c40s5cf1.xml	691.28	1002.54	8.2%	0 23 31 20 19 36 21 37 32 22 4 5 6 1 3 2 40 27 13 15 14 25 33 28 39 34 12 11 10 24 26 7 8 9 35 29 30 38 16 17 18 0
tc1c40s5ct1.xml	661.58	1006.86	4.0%	0 23 31 36 21 37 32 19 20 22 4 5 6 1 3 2 27 40 13 15 14 25 33 28 39 34 12 11 10 24 26 7 8 9 35 29 30 38 16 17 18 0
tc1c40s8cf1.xml	660.97	1003.15	3.9%	0 18 17 16 38 30 29 35 9 8 7 26 10 11 12 34 39 28 33 25 14 15 13 40 27 2 3 1 24 4 6 5 22 20 19 32 37 21 36 31 23 0
tc1c40s8ct1.xml	638.44	838.11	0.0%	0 23 31 36 21 37 32 19 20 22 4 5 6 1 3 2 27 40 13 15 14 25 33 28 39 34 12 11 10 24 26 7 8 9 35 29 30 38 16 17 18 0
tc2c40s5cf2.xml	516.65	1005.96	7.1%	0 13 14 15 2 1 3 37 39 38 31 32 33 9 7 8 26 27 25 40 35 34 36 6 4 5 18 17 16 21 20 19 30 28 29 12 10 11 23 24 22 0
tc2c40s5cf3.xml	462.01	1000.23	4.4%	0 39 37 22 23 24 19 21 20 38 40 29 25 30 28 27 26 4 3 1 6 2 5 11 8 12 7 9 10 32 35 31 36 34 33 15 13 18 14 16 17 0
tc2c40s5ct2.xml	477.88	1.33	0.0%	0 13 14 15 2 1 3 37 39 38 31 32 33 9 7 8 26 27 25 40 35 34 36 6 4 5 18 17 16 21 20 19 29 28 30 12 10 11 23 24 22 0
tc2c40s5ct3.xml	463.19	1011.11	4.7%	0 39 37 22 23 24 19 21 20 38 40 29 25 30 28 27 26 4 3 1 6 2 5 11 8 12 7 9 10 32 35 31 36 34 33 15 13 18 14 16 17 0
tc2c40s8cf2.xml	506.49	1003.62	5.1%	0 13 14 15 2 1 3 37 39 38 31 32 33 9 7 8 26 27 25 40 35 34 36 6 4 5 18 17 16 21 20 19 29 28 30 12 10 11 23 24 22 0
tc2c40s8cf3.xml	462.01	1004.36	4.4%	0 39 37 22 23 24 19 21 20 38 40 29 25 30 28 27 26 4 3 1 6 2 5 11 8 12 7 9 10 32 35 31 36 34 33 15 13 18 14 16 17 0
tc2c40s8ct2.xml	477.88	1.32	0.0%	0 13 14 15 2 1 3 37 39 38 31 32 33 9 7 8 26 27 25 40 35 34 36 6 4 5 18 17 16 21 20 19 29 28 30 12 10 11 23 24 22 0
tc2c40s8ct3.xml	441.44	42.58	0.0%	0 39 37 22 23 24 19 21 20 38 40 29 25 30 28 27 26 4 3 1 6 2 5 11 8 12 7 9 10 32 35 31 36 34 33 15 13 18 14 16 17 0

tc0c10s2cf1.xml	389.59	18.11	0.0%	0 10 6 1 3 4 9 5 2 7 8 0
tc0c10s2ct1.xml	376.85	2.18	0.0%	0 2 5 9 4 3 1 6 10 8 7 0
tc0c10s3cf1.xml	389.59	17.99	0.0%	0 10 6 1 3 4 9 5 2 7 8 0
tc0c10s3ct1.xml	379.06	3.87	0.0%	0 10 6 1 3 4 9 5 2 7 8 0
tc1c10s2cf2.xml	270.07	0.34	0.0%	0 8 7 9 2 1 3 5 4 6 10 0
tc1c10s2cf3.xml	344.62	58.92	0.0%	0 10 9 4 8 2 3 6 7 5 1 0
tc1c10s2cf4.xml	392.32	1.66	0.0%	0 5 9 3 7 10 8 2 1 4 6 0
tc1c10s2ct2.xml	270.82	2.16	0.0%	0 8 7 9 2 1 3 5 4 6 10 0
tc1c10s2ct3.xml	316.43	2.06	0.0%	0 10 9 4 8 2 3 6 7 5 1 0
tc1c10s2ct4.xml	385.93	1.81	0.0%	0 6 4 1 2 8 10 7 3 9 5 0
tc1c10s3cf2.xml	270.07	0.34	0.0%	0 8 7 9 2 1 3 5 4 6 10 0
tc1c10s3cf3.xml	343.68	53.32	0.0%	0 1 5 7 6 3 2 8 4 9 10 0
tc1c10s3cf4.xml	392.19	1.53	0.0%	0 7 5 9 3 10 8 2 1 4 6 0
tc1c10s3ct2.xml	270.08	0.51	0.0%	0 8 7 9 2 1 3 5 4 6 10 0
tc1c10s3ct3.xml	314.15	1.93	0.0%	0 1 5 7 6 3 2 8 4 9 10 0
tc1c10s3ct4.xml	385.50	1.36	0.0%	0 5 9 3 7 10 8 2 1 4 6 0
tc2c10s2cf0.xml	277.73	17.86	0.0%	0 10 9 6 8 5 7 2 1 3 4 0
tc2c10s2ct0.xml	265.80	0.48	0.0%	0 9 10 3 4 1 2 7 5 6 8 0
tc2c10s3cf0.xml	277.73	17.47	0.0%	0 10 9 6 8 5 7 2 1 3 4 0
tc2c10s3ct0.xml	266.13	0.89	0.0%	0 8 6 5 7 2 1 4 3 10 9 0
tc0c20s3cf2.xml	456.80	1013.88	5.5%	0 7 6 8 3 15 5 4 20 12 9 18 2 17 13 16 11 14 10 1 19 0
tc0c20s3ct2.xml	425.95	30.88	0.0%	0 7 6 8 3 15 5 4 20 12 9 18 2 17 13 16 11 14 10 1 19 0
tc0c20s4cf2.xml	456.39	1006.44	5.4%	0 19 1 10 14 11 16 17 13 2 18 9 12 20 4 5 15 3 8 6 7 0
tc0c20s4ct2.xml	422.72	4.18	0.0%	0 7 6 8 3 15 5 4 20 12 9 18 2 17 13 16 11 14 10 1 19 0
tc1c20s3cf1.xml	420.26	1018.51	8.6%	0 12 13 16 18 14 10 9 7 6 5 8 20 19 17 15 11 4 3 2 1 0
tc1c20s3cf3.xml	393.99	1000.49	6.2%	0 13 15 19 18 8 16 11 7 5 6 17 20 14 3 12 4 1 2 10 9 0
tc1c20s3cf4.xml	522.21	1000.92	12.5%	0 19 3 6 1 4 5 2 15 13 18 11 14 17 16 10 8 7 9 20 12 0
tc1c20s3ct1.xml	451.86	1017.39	15.1%	0 12 13 16 18 14 6 5 8 20 7 9 10 19 17 15 11 4 3 2 1 0
tc1c20s3ct3.xml	366.95	26.47	0.0%	0 9 10 2 1 4 12 3 14 20 17 6 18 5 7 11 16 8 19 15 13 0
tc1c20s3ct4.xml	519.18	1022.43	12.0%	0 12 20 9 7 8 10 16 17 14 11 18 13 15 2 5 4 1 6 3 19 0
tc1c20s4cf1.xml	389.93	1001.04	0.7%	0 12 13 16 18 14 9 10 19 7 6 5 8 20 17 15 11 4 3 2 1 0
tc1c20s4cf3.xml	393.99	1008.16	6.2%	0 13 15 19 18 8 16 11 7 5 6 17 20 14 3 12 4 1 2 10 9 0
tc1c20s4cf4.xml	521.76	1022.67	12.3%	0 12 20 9 7 8 10 16 17 14 11 18 13 15 2 5 4 1 6 3 19 0
tc1c20s4ct1.xml	410.94	1025.92	6.4%	0 1 2 3 4 11 15 17 20 8 5 6 7 19 10 9 14 18 16 13 12 0
tc1c20s4ct3.xml	380.23	1013.51	2.5%	0 13 15 19 18 8 16 11 7 5 6 17 20 14 3 12 4 1 2 10 9 0
tc1c20s4ct4.xml	480.20	1008.02	4.7%	0 20 12 19 3 1 6 4 5 2 15 13 18 11 14 17 16 9 7 10 8 0
tc2c20s3cf0.xml	368.90	1000.26	0.4%	0 20 19 2 3 1 12 11 10 15 13 14 6 4 5 8 9 7 16 18 17 0
tc2c20s3ct0.xml	364.09	46.05	0.0%	0 20 19 3 1 2 11 12 10 15 13 14 6 4 5 9 7 8 18 16 17 0
tc2c20s4cf0.xml	368.87	1005.36	0.3%	0 17 18 16 7 9 8 5 4 6 14 13 15 10 11 12 1 3 2 19 20 0
tc2c20s4ct0.xml	365.22	122.97	0.0%	0 17 16 18 8 7 9 5 4 6 14 13 15 10 12 11 2 1 3 19 20 0
tc0c40s5cf0.xml	703.45	1010.27	12.6%	0 25 1 32 24 14 28 18 27 9 23 6 8 36 19 26 20 13 34 10 3 35 30 40 16 12 5 2 21 22 4 33 38 11 29 31 7 37 15 39 17 0
tc0c40s5cf4.xml	640.81	1013.00	3.9%	0 4 18 29 24 23 19 5 13 40 26 7 12 14 2 27 30 39 34 6 22 25 37 3 33 15 31 17 36 8 20 1 38 28 16 35 10 21 32 11 9 0
tc0c40s5ct0.xml	650.01	1006.12	5.2%	0 25 1 32 24 14 27 28 18 9 23 6 8 36 19 26 20 13 34 10 3 35 30 40 16 12 5 2 21 22 4 33 38 11 29 31 7 37 15 39 17 0
tc0c40s5ct4.xml	638.61	1002.81	3.8%	0 4 18 29 24 23 19 5 13 40 26 12 7 14 2 27 30 39 34 6 22 25 37 3 33 15 31 17 36 8 20 38 1 28 16 35 10 21 32 11 9 0
tc0c40s8cf0.xml	675.35	1008.91	8.9%	0 25 1 32 24 14 27 28 18 9 23 6 8 36 19 26 20 13 34 10 3 35 30 40 16 38 4 33 12 5 2 21 22 11 29 31 7 37 15 39 17 0
tc0c40s8cf4.xml	626.63	1029.71	1.7%	0 4 18 29 24 23 19 5 7 14 12 13 40 26 34 6 22 25 37 3 33 15 31 17 39 30 2 27 36 8 20 1 38 28 16 35 10 21 32 11 9 0
tc0c40s8ct0.xml	616.68	129.85	0.0%	0 17 39 15 37 7 31 29 11 38 4 33 22 21 2 5 12 16 40 30 35 3 10 34 13 20 26 19 36 8 6 23 9 27 18 28 14 24 32 1 25 0
tc0c40s8ct4.xml	650.50	1018.02	5.5%	0 9 11 32 21 10 35 16 28 38 1 20 8 36 17 31 15 33 3 37 25 22 6 34 39 30 27 2 14 12 7 26 40 13 5 19 23 24 29 18 4 0
tc1c40s5cf1.xml	688.26	1012.71	8.2%	0 23 31 20 19 36 21 37 32 22 4 5 6 24 1 3 2 27 40 15 13 14 25 33 28 39 34 12 11 10 26 7 9 8 29 35 30 38 16 17 18 0
tc1c40s5ct1.xml	661.42	1038.86	4.4%	0 18 17 16 38 30 35 29 8 9 7 26 24 1 3 2 27 40 15 13 14 25 33 28 39 34 12 11 10 6 5 4 22 32 37 21 36 19 20 31 23 0
tc1c40s8cf1.xml	659.76	1002.57	4.2%	0 18 17 16 38 30 35 29 8 9 7 26 24 6 5 4 2 3 1 10 11 12 34 39 28 33 25 14 13 15 40 27 37 21 32 22 19 20 36 31 23 0
tc1c40s8ct1.xml	646.43	1021.96	2.1%	0 18 17 16 38 30 35 29 8 9 7 26 10 11 12 34 39 28 33 25 14 13 15 40 27 2 3 1 24 6 5 4 22 20 19 32 37 21 36 31 23 0
tc2c40s5cf2.xml	506.16	1001.79	7.1%	0 15 13 14 2 1 3 39 37 38 31 32 33 9 7 8 26 27 25 40 35 34 36 6 4 5 18 17 16 20 19 21 29 28 30 12 10 11 24 22 23 0
tc2c40s5cf3.xml	453.55	1015.16	4.4%	0 39 37 22 23 24 19 21 20 38 40 26 27 28 29 25 30 4 3 1 6 2 5 11 8 12 7 9 10 32 35 31 36 34 33 15 13 18 14 16 17 0
tc2c40s5ct2.xml	469.28	8.11	0.0%	0 23 22 24 11 10 12 30 28 29 21 20 19 16 17 18 5 4 6 36 34 35 40 25 27 26 8 7 9 33 32 31 38 37 39 3 1 2 14 13 15 0
tc2c40s5ct3.xml	453.61	1027.61	4.4%	0 39 37 22 23 24 19 21 20 38 40 26 27 28 29 25 30 4 3 1 6 2 5 11 8 12 7 9 10 32 35 31 36 34 33 15 13 18 14 16 17 0
tc2c40s8cf2.xml	495.31	1020.27	4.9%	0 15 13 14 2 1 3 39 37 38 31 32 33 9 7 8 26 27 25 40 35 34 36 6 4 5 18 17 16 19 20 21 29 28 30 12 10 11 24 22 23 0
tc2c40s8cf3.xml	454.18	1038.65	4.5%	0 39 37 22 23 24 19 21 20 38 40 26 27 28 29 25 30 4 3 1 6 2 5 11 8 12 7 9 10 32 35 31 36 34 33 15 13 18 14 16 17 0
tc2c40s8ct2.xml	469.27	8.12	0.0%	0 23 22 24 11 10 12 30 28 29 21 20 19 16 17 18 5 4 6 36 34 35 40 25 27 26 8 7 9 33 32 31 38 37 39 3 1 2 14 13 15 0
tc2c40s8ct3.xml	435.31	891.57	0.0%	0 39 37 22 23 24 19 21 20 38 40 27 28 29 25 26 30 4 3 1 6 2 5 11 8 12 7 9 10 32 35 31 36 34 33 15 13 18 14 16 17 0

tc0c10s2cf1.xml	369.45	30.25	0.0%	0 10 6 1 3 4 9 5 2 7 8 0
tc0c10s2ct1.xml	364.08	5.85	0.0%	0 2 5 9 4 3 1 6 10 8 7 0
tc0c10s3cf1.xml	369.45	29.72	0.0%	0 10 6 1 3 4 9 5 2 7 8 0
tc0c10s3ct1.xml	365.40	5.23	0.0%	0 10 6 1 3 4 9 5 2 7 8 0
tc1c10s2cf2.xml	274.20	36.51	0.0%	0 8 7 9 2 1 5 3 4 6 10 0
tc1c10s2cf3.xml	349.81	370.33	0.0%	0 10 9 4 8 2 3 6 7 5 1 0
tc1c10s2cf4.xml	392.82	7.53	0.0%	0 6 4 1 2 8 10 3 9 5 7 0
tc1c10s2ct2.xml	271.96	6.66	0.0%	0 8 9 7 2 1 5 3 4 6 10 0
tc1c10s2ct3.xml	324.19	16.85	0.0%	0 1 5 7 6 3 2 8 4 9 10 0
tc1c10s2ct4.xml	388.38	9.47	0.0%	0 6 4 1 2 8 10 7 3 9 5 0
tc1c10s3cf2.xml	274.20	36.46	0.0%	0 8 7 9 2 1 5 3 4 6 10 0
tc1c10s3cf3.xml	350.99	416.99	0.0%	0 10 9 4 8 2 3 6 7 5 1 0
tc1c10s3cf4.xml	390.55	7.57	0.0%	0 6 4 1 2 8 10 3 9 5 7 0
tc1c10s3ct2.xml	271.96	6.68	0.0%	0 8 9 7 2 1 5 3 4 6 10 0
tc1c10s3ct3.xml	320.26	10.45	0.0%	0 1 5 7 6 3 2 8 4 9 10 0
tc1c10s3ct4.xml	387.93	7.68	0.0%	0 5 9 3 7 10 8 2 1 4 6 0
tc2c10s2cf0.xml	275.64	18.19	0.0%	0 9 10 8 6 5 7 2 1 3 4 0
tc2c10s2ct0.xml	273.01	5.99	0.0%	0 4 3 1 2 7 5 6 8 10 9 0
tc2c10s3cf0.xml	275.64	18.25	0.0%	0 9 10 8 6 5 7 2 1 3 4 0
tc2c10s3ct0.xml	272.39	5.12	0.0%	0 4 3 1 2 7 5 8 6 10 9 0
tc0c20s3cf2.xml	466.85	1020.85	7.3%	0 7 6 8 3 15 5 4 20 12 9 18 2 17 13 16 11 14 10 1 19 0
tc0c20s3ct2.xml	434.67	294.92	0.0%	0 19 1 10 14 11 16 13 17 2 18 9 12 20 4 5 15 3 8 6 7 0
tc0c20s4cf2.xml	466.72	1003.04	7.1%	0 19 1 10 14 11 16 13 17 2 18 9 12 20 4 5 15 3 8 6 7 0
tc0c20s4ct2.xml	431.46	64.27	0.0%	0 7 6 8 3 15 5 4 20 12 9 18 2 17 13 16 11 14 10 1 19 0
tc1c20s3cf1.xml	410.47	1055.20	8.1%	0 2 3 1 4 11 15 17 20 8 5 6 7 19 10 9 14 18 16 13 12 0
tc1c20s3cf3.xml	393.99	1039.50	7.1%	0 13 15 19 18 8 16 11 7 5 6 17 20 14 3 12 4 1 2 10 9 0
tc1c20s3cf4.xml	514.30	1021.11	12.9%	0 19 3 1 6 4 5 2 15 13 18 11 14 17 16 10 8 7 9 20 12 0
tc1c20s3ct1.xml	444.54	1063.86	15.4%	0 12 13 16 18 14 6 5 8 20 7 9 10 19 17 15 11 4 1 3 2 0
tc1c20s3ct3.xml	365.32	116.31	0.0%	0 13 15 19 8 16 11 7 5 18 6 17 20 14 3 12 4 1 2 10 9 0
tc1c20s3ct4.xml	517.87	1044.41	13.6%	0 12 20 9 7 8 10 16 17 14 11 18 13 15 2 5 4 6 1 3 19 0
tc1c20s4cf1.xml	387.06	1216.17	2.4%	0 2 3 1 4 11 15 17 20 8 5 6 7 19 10 9 14 18 16 13 12 0
tc1c20s4cf3.xml	393.99	1157.63	7.0%	0 13 15 19 18 8 16 11 7 5 6 17 20 14 3 12 4 1 2 10 9 0
tc1c20s4cf4.xml	514.03	1044.52	12.9%	0 12 20 9 7 8 10 16 17 14 11 18 13 15 2 5 4 6 1 3 19 0
tc1c20s4ct1.xml	408.27	1006.34	7.7%	0 12 13 16 18 14 9 10 19 7 6 5 8 20 17 15 11 4 1 3 2 0
tc1c20s4ct3.xml	382.64	1081.64	4.3%	0 13 15 19 18 8 16 11 7 5 6 17 20 14 3 12 4 1 2 10 9 0
tc1c20s4ct4.xml	527.44	1006.54	15.2%	0 12 20 9 7 8 10 16 17 14 11 18 13 15 2 5 4 6 1 3 19 0
tc2c20s3cf0.xml	369.03	1121.58	0.9%	0 20 19 3 1 2 11 12 10 15 13 14 6 4 5 8 9 7 16 18 17 0
tc2c20s3ct0.xml	364.27	144.60	0.0%	0 17 18 16 8 9 7 5 4 6 14 13 15 10 12 11 2 1 3 19 20 0
tc2c20s4cf0.xml	368.82	1058.80	0.9%	0 17 18 16 7 9 8 5 4 6 14 13 15 10 12 11 2 1 3 19 20 0
tc2c20s4ct0.xml	366.68	588.55	0.0%	0 17 18 16 8 9 7 5 4 6 14 13 15 10 12 11 2 1 3 19 20 0
tc0c40s5cf0.xml	711.76	1001.45	13.4%	0 25 1 32 24 14 27 28 18 9 23 6 8 36 19 26 20 13 34 10 3 35 30 40 16 12 5 2 21 22 33 4 38 11 29 31 7 37 15 39 17 0
tc0c40s5cf4.xml	644.11	1001.70	4.2%	0 4 18 29 24 23 19 5 13 40 26 12 7 14 2 27 30 39 34 6 22 25 37 3 33 31 15 17 36 8 20 38 1 28 16 35 10 21 32 11 9 0
tc0c40s5ct0.xml	inf	1009.20	inf%	inf
tc0c40s5ct4.xml	639.76	1066.47	3.5%	0 9 11 32 21 10 35 16 28 20 1 38 8 36 17 15 31 33 3 37 25 22 6 34 39 27 30 2 14 7 12 26 40 13 5 19 23 24 29 18 4 0
tc0c40s8cf0.xml	inf	1000.20	inf%	inf
tc0c40s8cf4.xml	641.60	1009.01	3.8%	0 4 18 29 24 23 19 5 13 40 26 12 7 14 2 27 30 39 34 6 22 25 37 3 33 31 15 17 36 8 20 38 1 28 16 35 10 21 32 11 9 0
tc0c40s8ct0.xml	618.36	670.16	0.0%	0 17 39 15 37 7 31 29 11 38 4 33 22 21 2 5 12 16 40 30 35 3 10 34 13 20 26 19 36 8 6 23 9 18 28 27 14 24 32 1 25 0
tc0c40s8ct4.xml	657.33	1098.37	6.1%	0 4 18 29 24 23 19 5 13 40 26 12 7 14 2 27 30 39 34 6 22 25 37 3 33 15 31 17 36 8 20 38 1 28 16 35 10 21 32 11 9 0
tc1c40s5cf1.xml	693.35	1070.15	9.0%	0 23 31 36 21 37 32 19 20 22 4 5 6 24 1 3 2 27 40 13 15 14 25 33 28 39 34 12 11 10 26 7 8 9 35 29 30 38 16 17 18 0
tc1c40s5ct1.xml	666.60	1011.84	5.3%	0 23 31 36 21 37 32 19 20 22 4 5 6 24 1 3 2 27 40 13 15 14 25 33 28 39 34 12 11 10 26 7 8 9 35 29 30 38 16 17 18 0
tc1c40s8cf1.xml	661.93	1076.90	4.6%	0 18 17 16 38 30 29 35 9 8 7 26 10 11 12 34 39 28 33 25 14 15 13 40 27 2 3 1 24 6 5 4 22 20 19 32 37 21 36 31 23 0
tc1c40s8ct1.xml	646.37	1015.25	2.3%	0 23 31 36 21 37 32 19 20 22 4 5 6 24 1 3 2 27 40 15 13 14 25 33 28 39 34 12 11 10 26 7 8 9 35 29 30 38 16 17 18 0
tc2c40s5cf2.xml	516.22	1035.16	7.6%	0 13 14 15 2 1 3 39 37 38 31 32 33 9 7 8 26 27 25 40 35 34 36 6 4 5 18 17 16 20 19 21 29 28 30 12 10 11 23 22 24 0
tc2c40s5cf3.xml	459.82	1017.75	4.5%	0 39 37 22 23 24 19 21 20 38 40 29 25 30 26 28 27 4 3 1 6 2 5 11 8 12 7 9 10 32 35 31 36 34 33 15 13 18 14 16 17 0
tc2c40s5ct2.xml	479.50	1087.24	0.4%	0 13 14 15 2 1 3 39 37 38 31 32 33 9 7 8 26 27 25 40 35 34 36 6 4 5 18 17 16 19 20 21 29 28 30 12 10 11 23 22 24 0
tc2c40s5ct3.xml	461.18	1279.72	4.8%	0 39 37 22 23 24 19 21 20 38 40 29 25 28 27 26 30 4 3 1 6 2 5 11 8 12 7 9 10 32 35 31 36 34 33 15 13 18 14 16 17 0
tc2c40s8cf2.xml	504.27	1149.33	5.5%	0 13 14 15 2 1 3 39 37 38 31 32 33 9 7 8 26 27 25 40 35 34 36 6 4 5 18 17 16 20 19 21 29 28 30 12 10 11 23 22 24 0
tc2c40s8cf3.xml	460.54	1235.94	4.6%	0 39 37 22 23 24 19 21 20 38 40 29 25 30 26 28 27 4 3 1 6 2 5 11 8 12 7 9 10 32 35 31 36 34 33 15 13 18 14 16 17 0
tc2c40s8ct2.xml	477.97	629.63	0.0%	0 24 22 23 11 10 12 30 28 29 21 19 20 16 17 18 5 4 6 36 34 35 40 25 27 26 8 7 9 33 32 31 38 37 39 3 1 2 15 14 13 0
tc2c40s8ct3.xml	440.91	1098.05	0.4%	0 17 16 14 18 13 15 33 34 36 31 35 32 10 9 7 12 8 11 5 2 6 1 3 4 30 26 27 28 25 29 40 38 20 21 19 24 23 22 37 39 0
